||---------- INICIO ALGORITMO GENÉTICO ----------||
----> Iteration: 1 <----
[Genome([0.13809911580519926, 0.08598046906805877, 0.16201213555650865, 0.15601719769591926, 0.0244841889398789, 0.03101594140498332, 0.14287745727355486, 0.07498877272810055, 0.14506389510495374, 0.03946082642284265])
 Genome([0.12271546011353344, 0.16892666855267288, 0.07922506614319157, 0.175098362066944, 0.07375684342327339, 0.060603381787077394, 0.018736054599208112, 0.1312289657658022, 0.06428317643821607, 0.1054260211100809])
 Genome([0.13720591441391072, 0.14002141310240748, 0.14257381040642128, 0.0318894569043965, 0.15998446487930615, 0.10638556595729108, 0.0026978702667050077, 0.16850192125278002, 0.0024578224464329324, 0.10828176037034871])
 Genome([0.1489722273030338, 0.10576291263268527, 0.15815014559935084, 0.0649876760240985, 0.09661112922914272, 0.02588490309915372, 0.13998844659781984, 0.01977721687023044, 0.10589634781689891, 0.13396899482758615])
 Genome([0.07969535430997349, 0.17193021528904037, 0.09249859141980024, 0.07539738624838185, 0.018366952227738122, 0.02203788025499003, 0.19692215428435425, 0.16268328282487995, 0.15800946988508807, 0.022458713255753594])
 Genome([0.06707565477635581, 0.11418259411582364, 0.15082291616916058, 0.02486060694937903, 0.11769299847143298, 0.17942656532374193, 0.1552426551373173, 0.04742025704394437, 0.011496949355109306, 0.131778802657735])
 Genome([0.09281450543945662, 0.15944221731325253, 0.04151790313495256, 0.05649731613034565, 0.032590371028768196, 0.12974634744660116, 0.14619087880149972, 0.16304526311996728, 0.03995770045290043, 0.13819749713225593])
 Genome([0.04230542915014642, 0.07051225496161735, 0.008979295545537247, 0.0531847339634455, 0.14789768517157598, 0.10459250935523084, 0.17388849010016205, 0.21634523014388857, 0.027604328241081482, 0.15469004336731443])
 Genome([0.08957455833602183, 0.03085836292678276, 0.21073343845555012, 0.0193856496813029, 0.012792061227238508, 0.05507340913659295, 0.023566191197976354, 0.21190165551421813, 0.13726804026097736, 0.20884663326333913])
 Genome([0.07930086375409441, 0.10535378373678447, 0.13247905912436858, 0.08939167317968694, 0.09529872543764566, 0.1690640684571509, 0.1588322010860677, 0.12640076024488653, 0.035089743352198714, 0.008789121627116018])
 Genome([0.0875834266796918, 0.14447557580930961, 0.15185727741285673, 0.09067493792286395, 0.1388665945769946, 0.07099352998375223, 0.16328627879079163, 0.03148354471165685, 0.08431822606244348, 0.03646060804963911])
 Genome([0.12669230967691764, 0.18357327215445787, 0.006389191214229974, 0.13691394138357238, 0.039248984883391104, 0.13876357164574082, 0.08919551927886893, 0.1491646296863256, 0.11341418609729821, 0.01664439397919741])
 Genome([0.022759457823330158, 0.1660546610139956, 0.014851422040398963, 0.28093662749676707, 0.08230151200998, 0.09630809750862625, 0.1847260449789088, 0.08228714915496828, 0.033220513643634896, 0.03655451432938982])
 Genome([0.07705295013325282, 0.11179280626881473, 0.1311833792061252, 0.09977161521620857, 0.15169082270033327, 0.04963890126128157, 0.06731222497209939, 0.12295799093594215, 0.07410846038904886, 0.11449084891689344])
 Genome([0.07971949162805614, 0.1794526393796226, 0.17536146181829027, 0.07552962551561365, 0.08837831955794113, 0.10411750127504467, 0.09307179597775479, 0.14977728481031632, 0.04442561701607967, 0.01016626302128082])
 Genome([0.14086618250135327, 0.09604113019361425, 0.15039311197809258, 0.10355522283123518, 0.06567997911620173, 0.03559629089245143, 0.19598072943793127, 0.049360060284643105, 0.0850824286194945, 0.07744486414498271])
 Genome([0.042366722359610164, 0.08384268083873504, 0.17408990996965507, 0.07904353325193815, 0.01884607158338677, 0.06312909814464918, 0.16139972581648868, 0.1577427018860105, 0.024251298522684882, 0.19528825762684177])
 Genome([0.0662007241386559, 0.1564253400786041, 0.15616514359137323, 0.014982075278914854, 0.14519895356290619, 0.05779289975584177, 0.05809319427239095, 0.07095112080770227, 0.11102011689793075, 0.16317043161567998])
 Genome([0.08493928873495049, 0.10154124011322917, 0.013415534669559798, 0.06572536478416617, 0.15100880077838547, 0.17084747796970617, 0.07957757971431492, 0.03408826233799164, 0.15438674777430053, 0.14446970312339552])
 Genome([0.07539404793186404, 0.14388598702462635, 0.10472489834503848, 0.163427701287597, 0.1265989215148769, 0.06438611243602232, 0.0589206007862038, 0.05559892932884631, 0.06753133690050071, 0.1395314644444241])]
20
Mejor individuo: || GENOME ||
 --prob: [0.042366722359610164, 0.08384268083873504, 0.17408990996965507, 0.07904353325193815, 0.01884607158338677, 0.06312909814464918, 0.16139972581648868, 0.1577427018860105, 0.024251298522684882, 0.19528825762684177]
 con fitness: 57.63511867910238
----> Iteration: 2 <----
[Genome([0.042366722359610164, 0.08384268083873504, 0.17408990996965507, 0.07904353325193815, 0.01884607158338677, 0.06312909814464918, 0.16139972581648868, 0.1577427018860105, 0.024251298522684882, 0.19528825762684177]), Genome([0.04230542915014642, 0.07051225496161735, 0.008979295545537247, 0.0531847339634455, 0.14789768517157598, 0.10459250935523084, 0.17388849010016205, 0.21634523014388857, 0.027604328241081482, 0.15469004336731443]), Genome([0.022759457823330158, 0.1660546610139956, 0.014851422040398963, 0.28093662749676707, 0.08230151200998, 0.09630809750862625, 0.1847260449789088, 0.08228714915496828, 0.033220513643634896, 0.03655451432938982]), Genome([0.06707565477635581, 0.11418259411582364, 0.15082291616916058, 0.02486060694937903, 0.11769299847143298, 0.17942656532374193, 0.1552426551373173, 0.04742025704394437, 0.011496949355109306, 0.131778802657735]), Genome([0.07930086375409441, 0.10535378373678447, 0.13247905912436858, 0.08939167317968694, 0.09529872543764566, 0.1690640684571509, 0.1588322010860677, 0.12640076024488653, 0.035089743352198714, 0.008789121627116018]), Genome([0.08493928873495049, 0.10154124011322917, 0.013415534669559798, 0.06572536478416617, 0.15100880077838547, 0.17084747796970617, 0.07957757971431492, 0.03408826233799164, 0.15438674777430053, 0.14446970312339552]), Genome([0.1489722273030338, 0.10576291263268527, 0.15815014559935084, 0.0649876760240985, 0.09661112922914272, 0.02588490309915372, 0.13998844659781984, 0.01977721687023044, 0.10589634781689891, 0.13396899482758615]), Genome([0.08957455833602183, 0.03085836292678276, 0.21073343845555012, 0.0193856496813029, 0.012792061227238508, 0.05507340913659295, 0.023566191197976354, 0.21190165551421813, 0.13726804026097736, 0.20884663326333913]), Genome([0.07969535430997349, 0.17193021528904037, 0.09249859141980024, 0.07539738624838185, 0.018366952227738122, 0.02203788025499003, 0.19692215428435425, 0.16268328282487995, 0.15800946988508807, 0.022458713255753594]), Genome([0.07705295013325282, 0.11179280626881473, 0.1311833792061252, 0.09977161521620857, 0.15169082270033327, 0.04963890126128157, 0.06731222497209939, 0.12295799093594215, 0.07410846038904886, 0.11449084891689344]), Genome([0.14709164634291086, 0.1930423396115065, 0.1686822585335895, 0.14334022192344265, 0.037063306228426636, 0.06116815647778899, 0.06522134532204622, 0.11913861992026191, 0.03562165960281378, 0.029630446037212987]), Genome([0.07119238582864125, 0.11660821251430423, 0.09104481865197225, 0.08244828474168689, 0.01965785450426062, 0.051777066346591634, 0.1683519195546811, 0.12825433063119984, 0.15124265553969435, 0.11942247168696783]), Genome([0.13961690761352666, 0.09412625478692288, 0.00815941942001993, 0.20919380664115206, 0.016689913583261853, 0.009074584172733978, 0.17894170447463373, 0.14782909532960467, 0.05580261619773213, 0.14056569778041225]), Genome([0.08146845639581415, 0.15482357650812303, 0.10623565955876779, 0.03329614575026046, 0.011498576241505019, 0.10667380515977251, 0.12328253357464695, 0.13544229289922896, 0.15104086529061822, 0.09623808862126296]), Genome([0.019992232310654317, 0.013128512609458486, 0.05689791556817663, 0.20911004459461344, 0.011236729001730056, 0.1487189402978873, 0.13975060151408175, 0.18613743600297353, 0.13893909986087122, 0.07608848823955328]), Genome([0.07828279384575752, 0.1570426320533365, 0.02255384749943786, 0.0801287974274924, 0.04987498266970485, 0.2023751973615046, 0.13191847973308404, 0.07782130539757956, 0.16543131655984644, 0.03457064745225636]), Genome([0.05381627685930671, 0.08088807999373307, 0.11535022820663984, 0.07377603573416867, 0.09001227782107714, 0.13722646254375492, 0.1345287078719945, 0.01512572848488496, 0.1875038338281457, 0.1117723686562944]), Genome([0.0518491907425675, 0.08826265090563684, 0.12224937784783356, 0.16759437854070752, 0.07467998462271301, 0.13430416458736597, 0.02235180910008336, 0.169621492388991, 0.08185741839131647, 0.08722953287278497]), Genome([0.0003776671267949368, 0.07991119221706683, 0.12436050583226757, 0.12489446281891232, 0.13759830094392692, 0.13445399757393317, 0.10838956904038591, 0.09947520275554063, 0.02761501851600659, 0.16292408317516507]), Genome([0.10845928359856542, 0.07792633962790264, 0.048987025299656886, 0.06860233217891544, 0.12916160984534897, 0.03477771397686544, 0.0966959918356504, 0.18683491257129967, 0.08378379757865928, 0.16477099348713575])]
20
Mejor individuo: || GENOME ||
 --prob: [0.10845928359856542, 0.07792633962790264, 0.048987025299656886, 0.06860233217891544, 0.12916160984534897, 0.03477771397686544, 0.0966959918356504, 0.18683491257129967, 0.08378379757865928, 0.16477099348713575]
 con fitness: 55.5461900196992
----> Iteration: 3 <----
[Genome([0.10845928359856542, 0.07792633962790264, 0.048987025299656886, 0.06860233217891544, 0.12916160984534897, 0.03477771397686544, 0.0966959918356504, 0.18683491257129967, 0.08378379757865928, 0.16477099348713575]), Genome([0.14709164634291086, 0.1930423396115065, 0.1686822585335895, 0.14334022192344265, 0.037063306228426636, 0.06116815647778899, 0.06522134532204622, 0.11913861992026191, 0.03562165960281378, 0.029630446037212987]), Genome([0.06707565477635581, 0.11418259411582364, 0.15082291616916058, 0.02486060694937903, 0.11769299847143298, 0.17942656532374193, 0.1552426551373173, 0.04742025704394437, 0.011496949355109306, 0.131778802657735]), Genome([0.07969535430997349, 0.17193021528904037, 0.09249859141980024, 0.07539738624838185, 0.018366952227738122, 0.02203788025499003, 0.19692215428435425, 0.16268328282487995, 0.15800946988508807, 0.022458713255753594]), Genome([0.019992232310654317, 0.013128512609458486, 0.05689791556817663, 0.20911004459461344, 0.011236729001730056, 0.1487189402978873, 0.13975060151408175, 0.18613743600297353, 0.13893909986087122, 0.07608848823955328]), Genome([0.07119238582864125, 0.11660821251430423, 0.09104481865197225, 0.08244828474168689, 0.01965785450426062, 0.051777066346591634, 0.1683519195546811, 0.12825433063119984, 0.15124265553969435, 0.11942247168696783]), Genome([0.04230542915014642, 0.07051225496161735, 0.008979295545537247, 0.0531847339634455, 0.14789768517157598, 0.10459250935523084, 0.17388849010016205, 0.21634523014388857, 0.027604328241081482, 0.15469004336731443]), Genome([0.07828279384575752, 0.1570426320533365, 0.02255384749943786, 0.0801287974274924, 0.04987498266970485, 0.2023751973615046, 0.13191847973308404, 0.07782130539757956, 0.16543131655984644, 0.03457064745225636]), Genome([0.13961690761352666, 0.09412625478692288, 0.00815941942001993, 0.20919380664115206, 0.016689913583261853, 0.009074584172733978, 0.17894170447463373, 0.14782909532960467, 0.05580261619773213, 0.14056569778041225]), Genome([0.042366722359610164, 0.08384268083873504, 0.17408990996965507, 0.07904353325193815, 0.01884607158338677, 0.06312909814464918, 0.16139972581648868, 0.1577427018860105, 0.024251298522684882, 0.19528825762684177]), Genome([0.03597476042388027, 0.07119314850149537, 0.20275221916716904, 0.06711805901950953, 0.1195304718279325, 0.05360467024691206, 0.1370489890495643, 0.1522736047167658, 0.020592451002377186, 0.13991162604439406]), Genome([0.051686337724195605, 0.10228596587552208, 0.05976294111804117, 0.09643112629520281, 0.10935437719286199, 0.01622092048119465, 0.2395539789073217, 0.19244213640137886, 0.017894284483471773, 0.11436793152080947]), Genome([0.13763106215365756, 0.16115034909485307, 0.008043363662251201, 0.1979335624811643, 0.0035686563662300254, 0.016564304531826723, 0.18398330269775554, 0.11744404802701651, 0.03511499381136778, 0.1385663571738773]), Genome([0.013693642396734873, 0.10376065205690792, 0.1360453974664044, 0.043651198385697164, 0.029892249908791073, 0.14778472049939295, 0.0857960050064278, 0.14791315703030364, 0.14730093419927784, 0.1441620430500625]), Genome([0.10429772498251229, 0.2055478208673268, 0.08161277780826022, 0.08356185520959006, 0.029484088010216777, 0.05702722218056103, 0.13530048366279712, 0.15375373392713393, 0.011989527463368777, 0.13742476588823305]), Genome([0.06307536349340863, 0.019305834428188662, 0.1418280640304552, 0.04776116069510619, 0.02347015734511399, 0.16975621140760028, 0.14303919693768094, 0.22674734894754364, 0.13250775674113327, 0.03250890597376915]), Genome([0.10003601234643447, 0.21581199165617088, 0.01127108258483815, 0.09464107320855608, 0.07888570237252339, 0.027662611959823287, 0.21827007726077385, 0.033448340348865166, 0.19833825217463288, 0.021634856087381766]), Genome([0.04079513760844642, 0.0927488543004384, 0.007156711804478145, 0.16839483864238797, 0.17694994285897156, 0.08336271398646619, 0.13859325639205833, 0.14816111639618965, 0.12593730016025265, 0.01790012785031064]), Genome([0.23038171191589465, 0.11951808687770608, 0.058872001338351396, 0.013506256267908917, 0.011626589800743792, 0.05357348311995704, 0.14459927955557778, 0.13270414301068795, 0.1564900529384023, 0.07872839517477012]), Genome([0.018098995361919275, 0.011885260491939088, 0.058229868680826476, 0.07464054538535683, 0.01779628267466108, 0.18935465437337398, 0.1609749171712778, 0.18733843213129459, 0.1257817578795855, 0.1558992858497653])]
20
Mejor individuo: || GENOME ||
 --prob: [0.04230542915014642, 0.07051225496161735, 0.008979295545537247, 0.0531847339634455, 0.14789768517157598, 0.10459250935523084, 0.17388849010016205, 0.21634523014388857, 0.027604328241081482, 0.15469004336731443]
 con fitness: 48.82123469572495
----> Iteration: 4 <----
[Genome([0.04230542915014642, 0.07051225496161735, 0.008979295545537247, 0.0531847339634455, 0.14789768517157598, 0.10459250935523084, 0.17388849010016205, 0.21634523014388857, 0.027604328241081482, 0.15469004336731443]), Genome([0.10003601234643447, 0.21581199165617088, 0.01127108258483815, 0.09464107320855608, 0.07888570237252339, 0.027662611959823287, 0.21827007726077385, 0.033448340348865166, 0.19833825217463288, 0.021634856087381766]), Genome([0.03597476042388027, 0.07119314850149537, 0.20275221916716904, 0.06711805901950953, 0.1195304718279325, 0.05360467024691206, 0.1370489890495643, 0.1522736047167658, 0.020592451002377186, 0.13991162604439406]), Genome([0.13961690761352666, 0.09412625478692288, 0.00815941942001993, 0.20919380664115206, 0.016689913583261853, 0.009074584172733978, 0.17894170447463373, 0.14782909532960467, 0.05580261619773213, 0.14056569778041225]), Genome([0.23038171191589465, 0.11951808687770608, 0.058872001338351396, 0.013506256267908917, 0.011626589800743792, 0.05357348311995704, 0.14459927955557778, 0.13270414301068795, 0.1564900529384023, 0.07872839517477012]), Genome([0.10845928359856542, 0.07792633962790264, 0.048987025299656886, 0.06860233217891544, 0.12916160984534897, 0.03477771397686544, 0.0966959918356504, 0.18683491257129967, 0.08378379757865928, 0.16477099348713575]), Genome([0.13763106215365756, 0.16115034909485307, 0.008043363662251201, 0.1979335624811643, 0.0035686563662300254, 0.016564304531826723, 0.18398330269775554, 0.11744404802701651, 0.03511499381136778, 0.1385663571738773]), Genome([0.051686337724195605, 0.10228596587552208, 0.05976294111804117, 0.09643112629520281, 0.10935437719286199, 0.01622092048119465, 0.2395539789073217, 0.19244213640137886, 0.017894284483471773, 0.11436793152080947]), Genome([0.018098995361919275, 0.011885260491939088, 0.058229868680826476, 0.07464054538535683, 0.01779628267466108, 0.18935465437337398, 0.1609749171712778, 0.18733843213129459, 0.1257817578795855, 0.1558992858497653]), Genome([0.013693642396734873, 0.10376065205690792, 0.1360453974664044, 0.043651198385697164, 0.029892249908791073, 0.14778472049939295, 0.0857960050064278, 0.14791315703030364, 0.14730093419927784, 0.1441620430500625]), Genome([0.14360412819636828, 0.07066785323320392, 0.07890821506217945, 0.03622231452356743, 0.02380879919164096, 0.10065114984660387, 0.14842386266912216, 0.14734538255529583, 0.10032165944176312, 0.1500466352802549]), Genome([0.013693642396734873, 0.10376065205690792, 0.1360453974664044, 0.0531847339634455, 0.029892249908791073, 0.10459250935523084, 0.0857960050064278, 0.14791315703030364, 0.027604328241081482, 0.15469004336731443]), Genome([0.015599709818438088, 0.18601057008163363, 0.025206468303104596, 0.0010577558337721473, 0.1496645339578888, 0.06713890366709067, 0.18812921928695725, 0.1614689169564741, 0.15477123569564835, 0.05095268639899224]), Genome([0.08315525739981393, 0.009879661056943961, 0.1649540939698111, 0.062045193709713724, 0.014793217281056852, 0.145726597955054, 0.03467664691641455, 0.15572567497799322, 0.16486931081073472, 0.16417434592246408]), Genome([0.030659508069064118, 0.04324691274026855, 0.1727956830381021, 0.17206739208716956, 0.10186990607656296, 0.04568460778084183, 0.11680007138652072, 0.029868114782907504, 0.15201083866901402, 0.13499696536954858]), Genome([0.030800899192446263, 0.060954206903677186, 0.027598624044426093, 0.08256247894457086, 0.10233969510339774, 0.09144258725942057, 0.18777040603167042, 0.2031203128959487, 0.015320742820861315, 0.19809004680358086]), Genome([0.13961690761352666, 0.16115034909485307, 0.00815941942001993, 0.1979335624811643, 0.016689913583261853, 0.016564304531826723, 0.17894170447463373, 0.11744404802701651, 0.03511499381136778, 0.14056569778041225]), Genome([0.17835684426303433, 0.20883561651478902, 0.010573836138447602, 0.07073326302947114, 0.02162855006095895, 0.021465772605969678, 0.2384249656492986, 0.07341250254040511, 0.07231491475040026, 0.10425373444722538]), Genome([0.09792407581769096, 0.2190037690495362, 0.16955509349736506, 0.057981912463607614, 0.011951906091063239, 0.13928726601617783, 0.0008193788470144387, 0.13641725409950406, 0.08612809927711786, 0.08093124484092254]), Genome([0.2078352406025074, 0.009047244463505785, 0.20267162973329958, 0.12024505382993501, 0.047875313874772146, 0.045601731746319416, 0.002720223125782397, 0.12205051672759988, 0.07131674177904396, 0.17063630411723454])]
20
Mejor individuo: || GENOME ||
 --prob: [0.030800899192446263, 0.060954206903677186, 0.027598624044426093, 0.08256247894457086, 0.10233969510339774, 0.09144258725942057, 0.18777040603167042, 0.2031203128959487, 0.015320742820861315, 0.19809004680358086]
 con fitness: 48.82123469572495
----> Iteration: 5 <----
[Genome([0.030800899192446263, 0.060954206903677186, 0.027598624044426093, 0.08256247894457086, 0.10233969510339774, 0.09144258725942057, 0.18777040603167042, 0.2031203128959487, 0.015320742820861315, 0.19809004680358086]), Genome([0.051686337724195605, 0.10228596587552208, 0.05976294111804117, 0.09643112629520281, 0.10935437719286199, 0.01622092048119465, 0.2395539789073217, 0.19244213640137886, 0.017894284483471773, 0.11436793152080947]), Genome([0.018098995361919275, 0.011885260491939088, 0.058229868680826476, 0.07464054538535683, 0.01779628267466108, 0.18935465437337398, 0.1609749171712778, 0.18733843213129459, 0.1257817578795855, 0.1558992858497653]), Genome([0.10003601234643447, 0.21581199165617088, 0.01127108258483815, 0.09464107320855608, 0.07888570237252339, 0.027662611959823287, 0.21827007726077385, 0.033448340348865166, 0.19833825217463288, 0.021634856087381766]), Genome([0.13961690761352666, 0.16115034909485307, 0.00815941942001993, 0.1979335624811643, 0.016689913583261853, 0.016564304531826723, 0.17894170447463373, 0.11744404802701651, 0.03511499381136778, 0.14056569778041225]), Genome([0.013693642396734873, 0.10376065205690792, 0.1360453974664044, 0.043651198385697164, 0.029892249908791073, 0.14778472049939295, 0.0857960050064278, 0.14791315703030364, 0.14730093419927784, 0.1441620430500625]), Genome([0.10845928359856542, 0.07792633962790264, 0.048987025299656886, 0.06860233217891544, 0.12916160984534897, 0.03477771397686544, 0.0966959918356504, 0.18683491257129967, 0.08378379757865928, 0.16477099348713575]), Genome([0.030659508069064118, 0.04324691274026855, 0.1727956830381021, 0.17206739208716956, 0.10186990607656296, 0.04568460778084183, 0.11680007138652072, 0.029868114782907504, 0.15201083866901402, 0.13499696536954858]), Genome([0.17835684426303433, 0.20883561651478902, 0.010573836138447602, 0.07073326302947114, 0.02162855006095895, 0.021465772605969678, 0.2384249656492986, 0.07341250254040511, 0.07231491475040026, 0.10425373444722538]), Genome([0.04230542915014642, 0.07051225496161735, 0.008979295545537247, 0.0531847339634455, 0.14789768517157598, 0.10459250935523084, 0.17388849010016205, 0.21634523014388857, 0.027604328241081482, 0.15469004336731443]), Genome([0.17147133530150377, 0.07737272721028547, 0.009077335356289365, 0.05376542776355874, 0.14951249570892422, 0.015280701930940952, 0.17578707942433952, 0.21870738041646445, 0.027905724169411297, 0.10111979271828204]), Genome([0.12310864406935962, 0.05250954098488675, 0.02180725086660287, 0.12962997559227737, 0.1168624174138054, 0.0722540166150111, 0.017731476568699965, 0.16783567522538254, 0.1760315546724178, 0.1222294479915566]), Genome([0.1844805298084093, 0.17711607683753008, 0.050685691683009314, 0.059989757775871747, 0.011106574003341375, 0.018205388016208593, 0.2022111708753288, 0.0010452662898839684, 0.2067406593252861, 0.08841888538513064]), Genome([0.16055519832589152, 0.04039192527591774, 0.009518470487010015, 0.08680641705166252, 0.019469822752736673, 0.019323291978003726, 0.21462797126648242, 0.17323464935618052, 0.18222399621297866, 0.09384825729313637]), Genome([0.13852458956834154, 0.04264399645234835, 0.05741807116635477, 0.14511955640434407, 0.08262725593666566, 0.1867148126348236, 0.09312204897266466, 0.05910181130414349, 0.04100200358714186, 0.15372585397317196]), Genome([0.028825751714800944, 0.06264100891191637, 0.09350379255913786, 0.1617759786407903, 0.16866759139499093, 0.04145832164546908, 0.15134694869328164, 0.011168146273394143, 0.14291901499401377, 0.1376934451722051]), Genome([0.08840668407695061, 0.16988973631068716, 0.039930011759672326, 0.0771432668762625, 0.06430084301172972, 0.20098646795383168, 0.0808200328539428, 0.152291759102621, 0.1085963232542186, 0.017634874800083505]), Genome([0.14291687835946779, 0.2504955749811113, 0.013082481149827673, 0.07962755226123341, 0.028806688787026285, 0.07850991157838663, 0.1122362009977192, 0.03882389103382943, 0.23038898311869044, 0.02511183773270798]), Genome([0.01566618389769839, 0.07995005310457129, 0.027642745134790956, 0.2264454919675621, 0.03419816807095388, 0.043497756721011464, 0.08052076568508232, 0.16921974824451383, 0.1435084792150516, 0.17935060795876412]), Genome([0.12321583354263727, 0.08721080381333232, 0.006857990116328278, 0.1828929925859981, 0.09404435137566909, 0.1242130230543656, 0.15040046080668032, 0.12432097392859078, 0.029514144094911682, 0.07732942668148649])]
20
Mejor individuo: || GENOME ||
 --prob: [0.028825751714800944, 0.06264100891191637, 0.09350379255913786, 0.1617759786407903, 0.16866759139499093, 0.04145832164546908, 0.15134694869328164, 0.011168146273394143, 0.14291901499401377, 0.1376934451722051]
 con fitness: 46.960018611054
----> Iteration: 6 <----
[Genome([0.028825751714800944, 0.06264100891191637, 0.09350379255913786, 0.1617759786407903, 0.16866759139499093, 0.04145832164546908, 0.15134694869328164, 0.011168146273394143, 0.14291901499401377, 0.1376934451722051]), Genome([0.030659508069064118, 0.04324691274026855, 0.1727956830381021, 0.17206739208716956, 0.10186990607656296, 0.04568460778084183, 0.11680007138652072, 0.029868114782907504, 0.15201083866901402, 0.13499696536954858]), Genome([0.12310864406935962, 0.05250954098488675, 0.02180725086660287, 0.12962997559227737, 0.1168624174138054, 0.0722540166150111, 0.017731476568699965, 0.16783567522538254, 0.1760315546724178, 0.1222294479915566]), Genome([0.030800899192446263, 0.060954206903677186, 0.027598624044426093, 0.08256247894457086, 0.10233969510339774, 0.09144258725942057, 0.18777040603167042, 0.2031203128959487, 0.015320742820861315, 0.19809004680358086]), Genome([0.12321583354263727, 0.08721080381333232, 0.006857990116328278, 0.1828929925859981, 0.09404435137566909, 0.1242130230543656, 0.15040046080668032, 0.12432097392859078, 0.029514144094911682, 0.07732942668148649]), Genome([0.01566618389769839, 0.07995005310457129, 0.027642745134790956, 0.2264454919675621, 0.03419816807095388, 0.043497756721011464, 0.08052076568508232, 0.16921974824451383, 0.1435084792150516, 0.17935060795876412]), Genome([0.018098995361919275, 0.011885260491939088, 0.058229868680826476, 0.07464054538535683, 0.01779628267466108, 0.18935465437337398, 0.1609749171712778, 0.18733843213129459, 0.1257817578795855, 0.1558992858497653]), Genome([0.13961690761352666, 0.16115034909485307, 0.00815941942001993, 0.1979335624811643, 0.016689913583261853, 0.016564304531826723, 0.17894170447463373, 0.11744404802701651, 0.03511499381136778, 0.14056569778041225]), Genome([0.10845928359856542, 0.07792633962790264, 0.048987025299656886, 0.06860233217891544, 0.12916160984534897, 0.03477771397686544, 0.0966959918356504, 0.18683491257129967, 0.08378379757865928, 0.16477099348713575]), Genome([0.10003601234643447, 0.21581199165617088, 0.01127108258483815, 0.09464107320855608, 0.07888570237252339, 0.027662611959823287, 0.21827007726077385, 0.033448340348865166, 0.19833825217463288, 0.021634856087381766]), Genome([0.2291944286078938, 0.07576049025556586, 0.11308714990520254, 0.020665054817518007, 0.024421941071968677, 0.033456246638246825, 0.2639843825735496, 0.01350719363584922, 0.22099275340279628, 0.004930359091409135]), Genome([0.27707735886388535, 0.08300137069810215, 0.0149345503854921, 0.008787240489672334, 0.10452611698207176, 0.036653859023625425, 0.08369833519593933, 0.1626866639977753, 0.04618621874422312, 0.18244828561921325]), Genome([0.13780965328165695, 0.059568318641703005, 0.057004200695775005, 0.055158765932132134, 0.08771404047520326, 0.05958158034065405, 0.15768425274363823, 0.1268801550482546, 0.1467025520741745, 0.11189648076680822]), Genome([0.12618094349085265, 0.030654995140600907, 0.05699124008599605, 0.058258587786693884, 0.11851489734748052, 0.06250555288720713, 0.11249559352397878, 0.14523089114119772, 0.09747361661405698, 0.1916936819819353]), Genome([0.1062600288649818, 0.12264876109290042, 0.16233696126738806, 0.1506438326281873, 0.046612494590256584, 0.012606807497502034, 0.09772460394209354, 0.07416518703838304, 0.13397459090281777, 0.09302673217548944]), Genome([0.11799848215499764, 0.05032990316570633, 0.18408918282296638, 0.18971746555140392, 0.015997125831500685, 0.2018634542746917, 0.016995454196495768, 0.054620634750819984, 0.03365739263840052, 0.13473090461301712]), Genome([0.20743820576365385, 0.012309565020840199, 0.12400221102407888, 0.008315589656168656, 0.01532392377807546, 0.016432687538661037, 0.16168429342294632, 0.21167521337456396, 0.10830745418331124, 0.13451085623770043]), Genome([0.017484911199223113, 0.05888608033859673, 0.14168513446931177, 0.15114215558348165, 0.002835342799622868, 0.17653667027993286, 0.1555131694195658, 0.1962286062140556, 0.08272568773860119, 0.01696224195760842]), Genome([0.04388877779899974, 0.06578102772614804, 0.06853935468578996, 0.15540944435242174, 0.03614882655958778, 0.02627115237187758, 0.18794357624018015, 0.06709539089279451, 0.1516941818114882, 0.19722826756071224]), Genome([0.01566618389769839, 0.08721080381333232, 0.006857990116328278, 0.1828929925859981, 0.03419816807095388, 0.043497756721011464, 0.08052076568508232, 0.12432097392859078, 0.1435084792150516, 0.07732942668148649])]
20
Mejor individuo: || GENOME ||
 --prob: [0.030800899192446263, 0.060954206903677186, 0.027598624044426093, 0.08256247894457086, 0.10233969510339774, 0.09144258725942057, 0.18777040603167042, 0.2031203128959487, 0.015320742820861315, 0.19809004680358086]
 con fitness: 46.960018611054
----> Iteration: 7 <----
[Genome([0.030800899192446263, 0.060954206903677186, 0.027598624044426093, 0.08256247894457086, 0.10233969510339774, 0.09144258725942057, 0.18777040603167042, 0.2031203128959487, 0.015320742820861315, 0.19809004680358086]), Genome([0.01566618389769839, 0.08721080381333232, 0.006857990116328278, 0.1828929925859981, 0.03419816807095388, 0.043497756721011464, 0.08052076568508232, 0.12432097392859078, 0.1435084792150516, 0.07732942668148649]), Genome([0.12321583354263727, 0.08721080381333232, 0.006857990116328278, 0.1828929925859981, 0.09404435137566909, 0.1242130230543656, 0.15040046080668032, 0.12432097392859078, 0.029514144094911682, 0.07732942668148649]), Genome([0.12618094349085265, 0.030654995140600907, 0.05699124008599605, 0.058258587786693884, 0.11851489734748052, 0.06250555288720713, 0.11249559352397878, 0.14523089114119772, 0.09747361661405698, 0.1916936819819353]), Genome([0.13780965328165695, 0.059568318641703005, 0.057004200695775005, 0.055158765932132134, 0.08771404047520326, 0.05958158034065405, 0.15768425274363823, 0.1268801550482546, 0.1467025520741745, 0.11189648076680822]), Genome([0.10845928359856542, 0.07792633962790264, 0.048987025299656886, 0.06860233217891544, 0.12916160984534897, 0.03477771397686544, 0.0966959918356504, 0.18683491257129967, 0.08378379757865928, 0.16477099348713575]), Genome([0.04388877779899974, 0.06578102772614804, 0.06853935468578996, 0.15540944435242174, 0.03614882655958778, 0.02627115237187758, 0.18794357624018015, 0.06709539089279451, 0.1516941818114882, 0.19722826756071224]), Genome([0.030659508069064118, 0.04324691274026855, 0.1727956830381021, 0.17206739208716956, 0.10186990607656296, 0.04568460778084183, 0.11680007138652072, 0.029868114782907504, 0.15201083866901402, 0.13499696536954858]), Genome([0.01566618389769839, 0.07995005310457129, 0.027642745134790956, 0.2264454919675621, 0.03419816807095388, 0.043497756721011464, 0.08052076568508232, 0.16921974824451383, 0.1435084792150516, 0.17935060795876412]), Genome([0.20743820576365385, 0.012309565020840199, 0.12400221102407888, 0.008315589656168656, 0.01532392377807546, 0.016432687538661037, 0.16168429342294632, 0.21167521337456396, 0.10830745418331124, 0.13451085623770043]), Genome([0.13139476380611936, 0.15335612022548806, 0.09378126204954769, 0.06244093076580349, 0.006725610072018949, 0.1853881844470175, 0.06067772523818189, 0.11840646039099496, 0.08191152124466679, 0.10591742176016133]), Genome([0.0008490887347329177, 0.05580633260282261, 0.11352963123333942, 0.1555126336043781, 0.014029745124745297, 0.012776806377564311, 0.1480292815501956, 0.10501581433934092, 0.22539524487396212, 0.1690554215589186]), Genome([0.014357815856850907, 0.07327299026468925, 0.1481182780572079, 0.16761860617785493, 0.12690387236948325, 0.057380100200920346, 0.21301710473344468, 0.05358057849790364, 0.12163492203874207, 0.024115731802902895]), Genome([0.013005872939788738, 0.07240133530793565, 0.005693418937102902, 0.18799225871150083, 0.02839089797546109, 0.03490513506292189, 0.19451410465426192, 0.14048415101871267, 0.1191389721096971, 0.20347385328261716]), Genome([0.09557060419526912, 0.15069404316944782, 0.0036000820210608775, 0.13466169319704, 0.07972442582929284, 0.03575323925229386, 0.07022076004732451, 0.19040950146955865, 0.18893126694782134, 0.05043438387089088]), Genome([0.149656249438285, 0.05933449519592117, 0.05708617446313875, 0.12443255784213486, 0.06930792044580066, 0.08450922015883768, 0.06798390282995835, 0.1700429434533194, 0.06665035821697775, 0.15099617795562645]), Genome([0.11193049826322435, 0.1832211920271927, 0.06079875382431642, 0.13785803196532953, 0.08536465860252611, 0.005008543381689904, 0.099790725027103, 0.059517866375287685, 0.08646527893430143, 0.17004445159902887]), Genome([0.12883181296303206, 0.02281147196446489, 0.14055557906456045, 0.043352286826016884, 0.05954607737678331, 0.04651260457782455, 0.13985549828471117, 0.09336449657629665, 0.1784056051097851, 0.14676456725652495]), Genome([0.048231768205158454, 0.0849012885683114, 0.12321172852059546, 0.04153409660141155, 0.06604795029097911, 0.02618733228492944, 0.1299635528612016, 0.14068515087521435, 0.155856099734464, 0.18338103205773454]), Genome([0.1940590854529914, 0.060753815348554674, 0.15927196843144287, 0.04760903657524416, 0.024299584048576076, 0.051426488423240886, 0.13292444513177495, 0.13635643153837435, 0.09671823800008869, 0.09658090704971205])]
20
Mejor individuo: || GENOME ||
 --prob: [0.030659508069064118, 0.04324691274026855, 0.1727956830381021, 0.17206739208716956, 0.10186990607656296, 0.04568460778084183, 0.11680007138652072, 0.029868114782907504, 0.15201083866901402, 0.13499696536954858]
 con fitness: 46.960018611054
----> Iteration: 8 <----
[Genome([0.030659508069064118, 0.04324691274026855, 0.1727956830381021, 0.17206739208716956, 0.10186990607656296, 0.04568460778084183, 0.11680007138652072, 0.029868114782907504, 0.15201083866901402, 0.13499696536954858]), Genome([0.01566618389769839, 0.08721080381333232, 0.006857990116328278, 0.1828929925859981, 0.03419816807095388, 0.043497756721011464, 0.08052076568508232, 0.12432097392859078, 0.1435084792150516, 0.07732942668148649]), Genome([0.12618094349085265, 0.030654995140600907, 0.05699124008599605, 0.058258587786693884, 0.11851489734748052, 0.06250555288720713, 0.11249559352397878, 0.14523089114119772, 0.09747361661405698, 0.1916936819819353]), Genome([0.030800899192446263, 0.060954206903677186, 0.027598624044426093, 0.08256247894457086, 0.10233969510339774, 0.09144258725942057, 0.18777040603167042, 0.2031203128959487, 0.015320742820861315, 0.19809004680358086]), Genome([0.20743820576365385, 0.012309565020840199, 0.12400221102407888, 0.008315589656168656, 0.01532392377807546, 0.016432687538661037, 0.16168429342294632, 0.21167521337456396, 0.10830745418331124, 0.13451085623770043]), Genome([0.01566618389769839, 0.07995005310457129, 0.027642745134790956, 0.2264454919675621, 0.03419816807095388, 0.043497756721011464, 0.08052076568508232, 0.16921974824451383, 0.1435084792150516, 0.17935060795876412]), Genome([0.0008490887347329177, 0.05580633260282261, 0.11352963123333942, 0.1555126336043781, 0.014029745124745297, 0.012776806377564311, 0.1480292815501956, 0.10501581433934092, 0.22539524487396212, 0.1690554215589186]), Genome([0.10845928359856542, 0.07792633962790264, 0.048987025299656886, 0.06860233217891544, 0.12916160984534897, 0.03477771397686544, 0.0966959918356504, 0.18683491257129967, 0.08378379757865928, 0.16477099348713575]), Genome([0.11193049826322435, 0.1832211920271927, 0.06079875382431642, 0.13785803196532953, 0.08536465860252611, 0.005008543381689904, 0.099790725027103, 0.059517866375287685, 0.08646527893430143, 0.17004445159902887]), Genome([0.013005872939788738, 0.07240133530793565, 0.005693418937102902, 0.18799225871150083, 0.02839089797546109, 0.03490513506292189, 0.19451410465426192, 0.14048415101871267, 0.1191389721096971, 0.20347385328261716]), Genome([0.028096400774764916, 0.03963150973866759, 0.1439390095714619, 0.027334777481550825, 0.08104832366773455, 0.2286568093306414, 0.10635963995160178, 0.14792763987904006, 0.13930286930018318, 0.057703020304353723]), Genome([0.011499029663684865, 0.17566862522343932, 0.15277580322448542, 0.15213189110206676, 0.09006739318723626, 0.030861072175750875, 0.08962812714232472, 0.020680615421315, 0.0672046678947524, 0.20948277496494433]), Genome([0.08452551851783398, 0.1383614519711508, 0.11681651785695121, 0.047460578594017006, 0.06446403923359559, 0.04565208812945423, 0.07535803831008063, 0.17695595673766132, 0.06529518450390254, 0.1851106261453528]), Genome([0.10442712214533094, 0.11171593500831355, 0.14157431666507855, 0.1379351340147651, 0.042496860378329435, 0.03280535146710538, 0.060727545920169, 0.09376100175966566, 0.10823192858783551, 0.1663248040534071]), Genome([0.10845928359856542, 0.07792633962790264, 0.05699124008599605, 0.06860233217891544, 0.12916160984534897, 0.03477771397686544, 0.0966959918356504, 0.18683491257129967, 0.08378379757865928, 0.1916936819819353]), Genome([0.2189595263108512, 0.00852228691203954, 0.05633686439372925, 0.0694817093927397, 0.12767857108835212, 0.03378044844496958, 0.0959763741630493, 0.14356334425529663, 0.08282178867240374, 0.16287908636656886]), Genome([0.04293268547733802, 0.06274080676728738, 0.1567977969886031, 0.08498242862671153, 0.1053393253931097, 0.09412281758682048, 0.15236809764939974, 0.026481601627673393, 0.12321087292108301, 0.15102356696197364]), Genome([0.103942892967585, 0.037393013735880644, 0.1633122745607533, 0.10420118601696762, 0.09936985830046445, 0.13623939497483772, 0.08168413052721321, 0.13610069495536828, 0.024481027588892017, 0.11327552637203762]), Genome([0.015680771225518666, 0.08002449737520545, 0.027668484254653625, 0.008323332590448346, 0.1906982716499478, 0.016447988584637512, 0.16183484328288358, 0.16937731462809685, 0.15042688887099667, 0.17951760753761142]), Genome([0.01399067773052316, 0.01748579748353906, 0.03926665503595898, 0.041056507159891016, 0.02176770888191198, 0.06178877675402552, 0.144968605546026, 0.24037748230823094, 0.16452937088144826, 0.2547684182184451])]
20
Mejor individuo: || GENOME ||
 --prob: [0.01566618389769839, 0.08721080381333232, 0.006857990116328278, 0.1828929925859981, 0.03419816807095388, 0.043497756721011464, 0.08052076568508232, 0.12432097392859078, 0.1435084792150516, 0.07732942668148649]
 con fitness: 46.960018611054
----> Iteration: 9 <----
[Genome([0.01566618389769839, 0.08721080381333232, 0.006857990116328278, 0.1828929925859981, 0.03419816807095388, 0.043497756721011464, 0.08052076568508232, 0.12432097392859078, 0.1435084792150516, 0.07732942668148649]), Genome([0.12618094349085265, 0.030654995140600907, 0.05699124008599605, 0.058258587786693884, 0.11851489734748052, 0.06250555288720713, 0.11249559352397878, 0.14523089114119772, 0.09747361661405698, 0.1916936819819353]), Genome([0.10845928359856542, 0.07792633962790264, 0.048987025299656886, 0.06860233217891544, 0.12916160984534897, 0.03477771397686544, 0.0966959918356504, 0.18683491257129967, 0.08378379757865928, 0.16477099348713575]), Genome([0.01566618389769839, 0.07995005310457129, 0.027642745134790956, 0.2264454919675621, 0.03419816807095388, 0.043497756721011464, 0.08052076568508232, 0.16921974824451383, 0.1435084792150516, 0.17935060795876412]), Genome([0.028096400774764916, 0.03963150973866759, 0.1439390095714619, 0.027334777481550825, 0.08104832366773455, 0.2286568093306414, 0.10635963995160178, 0.14792763987904006, 0.13930286930018318, 0.057703020304353723]), Genome([0.103942892967585, 0.037393013735880644, 0.1633122745607533, 0.10420118601696762, 0.09936985830046445, 0.13623939497483772, 0.08168413052721321, 0.13610069495536828, 0.024481027588892017, 0.11327552637203762]), Genome([0.030800899192446263, 0.060954206903677186, 0.027598624044426093, 0.08256247894457086, 0.10233969510339774, 0.09144258725942057, 0.18777040603167042, 0.2031203128959487, 0.015320742820861315, 0.19809004680358086]), Genome([0.013005872939788738, 0.07240133530793565, 0.005693418937102902, 0.18799225871150083, 0.02839089797546109, 0.03490513506292189, 0.19451410465426192, 0.14048415101871267, 0.1191389721096971, 0.20347385328261716]), Genome([0.015680771225518666, 0.08002449737520545, 0.027668484254653625, 0.008323332590448346, 0.1906982716499478, 0.016447988584637512, 0.16183484328288358, 0.16937731462809685, 0.15042688887099667, 0.17951760753761142]), Genome([0.011499029663684865, 0.17566862522343932, 0.15277580322448542, 0.15213189110206676, 0.09006739318723626, 0.030861072175750875, 0.08962812714232472, 0.020680615421315, 0.0672046678947524, 0.20948277496494433]), Genome([0.014857874128416734, 0.11935575676262312, 0.14489320877374964, 0.22020733378023055, 0.10690347710367679, 0.029268769526103657, 0.07636622990544976, 0.0196135818929864, 0.1434650372145224, 0.12506873091224102]), Genome([0.016705525839447257, 0.0075820958796799145, 0.16291141129678102, 0.19502666593541657, 0.0960427359978893, 0.046383529237621436, 0.10355130506517826, 0.21304455200190864, 0.01082302559728942, 0.14792915314878816]), Genome([0.01305183191281624, 0.02551557178592073, 0.15354978334026564, 0.06620081167066083, 0.18907545416009794, 0.03181950786478363, 0.10517837727258762, 0.14098058115741624, 0.12520726439252006, 0.14942081644293095]), Genome([0.13833423876364886, 0.08773216953830418, 0.06248043163557534, 0.06386984571487017, 0.0069297363655661985, 0.06852586324003532, 0.17742219412549454, 0.1497338719972793, 0.03481471969521317, 0.21015692892401291]), Genome([0.013005872939788738, 0.07792633962790264, 0.048987025299656886, 0.18799225871150083, 0.02839089797546109, 0.03477771397686544, 0.0966959918356504, 0.14048415101871267, 0.08378379757865928, 0.20347385328261716]), Genome([0.04786141725892744, 0.05951543118110143, 0.040268372407615646, 0.15453361859056514, 0.16931217202723453, 0.02869276035958252, 0.006343910374337647, 0.11548094778126611, 0.1882699742638946, 0.18972139575547486]), Genome([0.01977511971019651, 0.013641111665364214, 0.03483720718964721, 0.24317296113747613, 0.11962638119621108, 0.054906373619767065, 0.23701893719337816, 0.15549658680410958, 0.019339076147074797, 0.10218624533677534]), Genome([0.02440953059358084, 0.06335994462437804, 0.1317112022205504, 0.06543027666457281, 0.12449400885170817, 0.16382020275497952, 0.055033678686067, 0.18854525054193524, 0.15360595797315071, 0.02958994708907739]), Genome([0.18711423801073984, 0.03442382553248666, 0.12502504662275116, 0.04452308538921823, 0.027979712124241295, 0.1543532285211685, 0.06669326763898094, 0.11821670708200727, 0.12099810732886597, 0.12067278174954]), Genome([0.1642015827813779, 0.19869650625381508, 0.14706640020151163, 0.07775411461777786, 0.05811435416718673, 0.11622392292372608, 0.021705740153446212, 0.041368803104018026, 0.11883733003650372, 0.056031245760636866])]
20
Mejor individuo: || GENOME ||
 --prob: [0.013005872939788738, 0.07792633962790264, 0.048987025299656886, 0.18799225871150083, 0.02839089797546109, 0.03477771397686544, 0.0966959918356504, 0.14048415101871267, 0.08378379757865928, 0.20347385328261716]
 con fitness: 45.10706754582985
----> Iteration: 10 <----
[Genome([0.013005872939788738, 0.07792633962790264, 0.048987025299656886, 0.18799225871150083, 0.02839089797546109, 0.03477771397686544, 0.0966959918356504, 0.14048415101871267, 0.08378379757865928, 0.20347385328261716]), Genome([0.04786141725892744, 0.05951543118110143, 0.040268372407615646, 0.15453361859056514, 0.16931217202723453, 0.02869276035958252, 0.006343910374337647, 0.11548094778126611, 0.1882699742638946, 0.18972139575547486]), Genome([0.12618094349085265, 0.030654995140600907, 0.05699124008599605, 0.058258587786693884, 0.11851489734748052, 0.06250555288720713, 0.11249559352397878, 0.14523089114119772, 0.09747361661405698, 0.1916936819819353]), Genome([0.01566618389769839, 0.07995005310457129, 0.027642745134790956, 0.2264454919675621, 0.03419816807095388, 0.043497756721011464, 0.08052076568508232, 0.16921974824451383, 0.1435084792150516, 0.17935060795876412]), Genome([0.13833423876364886, 0.08773216953830418, 0.06248043163557534, 0.06386984571487017, 0.0069297363655661985, 0.06852586324003532, 0.17742219412549454, 0.1497338719972793, 0.03481471969521317, 0.21015692892401291]), Genome([0.10845928359856542, 0.07792633962790264, 0.048987025299656886, 0.06860233217891544, 0.12916160984534897, 0.03477771397686544, 0.0966959918356504, 0.18683491257129967, 0.08378379757865928, 0.16477099348713575]), Genome([0.01566618389769839, 0.08721080381333232, 0.006857990116328278, 0.1828929925859981, 0.03419816807095388, 0.043497756721011464, 0.08052076568508232, 0.12432097392859078, 0.1435084792150516, 0.07732942668148649]), Genome([0.011499029663684865, 0.17566862522343932, 0.15277580322448542, 0.15213189110206676, 0.09006739318723626, 0.030861072175750875, 0.08962812714232472, 0.020680615421315, 0.0672046678947524, 0.20948277496494433]), Genome([0.013005872939788738, 0.07240133530793565, 0.005693418937102902, 0.18799225871150083, 0.02839089797546109, 0.03490513506292189, 0.19451410465426192, 0.14048415101871267, 0.1191389721096971, 0.20347385328261716]), Genome([0.1642015827813779, 0.19869650625381508, 0.14706640020151163, 0.07775411461777786, 0.05811435416718673, 0.11622392292372608, 0.021705740153446212, 0.041368803104018026, 0.11883733003650372, 0.056031245760636866]), Genome([0.2316540388857148, 0.06074097734336989, 0.14457548134581563, 0.22529652401564454, 0.03322182599848174, 0.13588027753983936, 0.025399137539408426, 0.048408020756336004, 0.05596750112773204, 0.038856215447657584]), Genome([0.019067474167299637, 0.31065787535992817, 0.06874077725215609, 0.11399269997018877, 0.13059715564006052, 0.11618025316397816, 0.03182205774068379, 0.003963560339528547, 0.12283261595475019, 0.08214553041142619]), Genome([0.020427063144714135, 0.11371375492776772, 0.022825190115899886, 0.2427109660031724, 0.04459082972475208, 0.026774931815383502, 0.00996376470852307, 0.20713007547652898, 0.27628108766385623, 0.0355823364194021]), Genome([0.04221327821218643, 0.06451664796579938, 0.16631059253910602, 0.13770451922032198, 0.018964396743029036, 0.031103878146379747, 0.17333102989035867, 0.10290478239210307, 0.12148650904851944, 0.14146436584219615]), Genome([0.1013085143959685, 0.15664817444219648, 0.12266107093616284, 0.041165171850651265, 0.09515357748877795, 0.024777825306233597, 0.09032078173383781, 0.11660339048728048, 0.05395747469098116, 0.19740401866791002]), Genome([0.10414244903423633, 0.14498671782853356, 0.0418707058008486, 0.20208820184037002, 0.09781533815922443, 0.15281154892939305, 0.02553673886957591, 0.01706858324186704, 0.055466843942242404, 0.1582128723537087]), Genome([0.015969441497269428, 0.0352742715861629, 0.21245114701750262, 0.08362171239860955, 0.0348601578973626, 0.044339763005124905, 0.08207944355307717, 0.17249541352380277, 0.14628643951534148, 0.17262221000574662]), Genome([0.21641050437182252, 0.07764014849100968, 0.006105383137177384, 0.08884067635629182, 0.12155953522926118, 0.03872424221744027, 0.03405717328619945, 0.15064929810114677, 0.19055751505510513, 0.0754555237545459]), Genome([0.10980856002044002, 0.04122225036261629, 0.049596443286034554, 0.16155167386354424, 0.01477868137926039, 0.08397180253088726, 0.16043365878341392, 0.11885749339610877, 0.1289856018963197, 0.13079383448137485]), Genome([0.10842421599879641, 0.14884324364386534, 0.048971186568843944, 0.18997240492646753, 0.10123485270014286, 0.053709501449860676, 0.07578880831461533, 0.13249448763235483, 0.06566843210370209, 0.0748928666613511])]
20
Mejor individuo: || GENOME ||
 --prob: [0.01566618389769839, 0.08721080381333232, 0.006857990116328278, 0.1828929925859981, 0.03419816807095388, 0.043497756721011464, 0.08052076568508232, 0.12432097392859078, 0.1435084792150516, 0.07732942668148649]
 con fitness: 45.10706754582985
----> Iteration: 11 <----
[Genome([0.01566618389769839, 0.08721080381333232, 0.006857990116328278, 0.1828929925859981, 0.03419816807095388, 0.043497756721011464, 0.08052076568508232, 0.12432097392859078, 0.1435084792150516, 0.07732942668148649]), Genome([0.21641050437182252, 0.07764014849100968, 0.006105383137177384, 0.08884067635629182, 0.12155953522926118, 0.03872424221744027, 0.03405717328619945, 0.15064929810114677, 0.19055751505510513, 0.0754555237545459]), Genome([0.13833423876364886, 0.08773216953830418, 0.06248043163557534, 0.06386984571487017, 0.0069297363655661985, 0.06852586324003532, 0.17742219412549454, 0.1497338719972793, 0.03481471969521317, 0.21015692892401291]), Genome([0.011499029663684865, 0.17566862522343932, 0.15277580322448542, 0.15213189110206676, 0.09006739318723626, 0.030861072175750875, 0.08962812714232472, 0.020680615421315, 0.0672046678947524, 0.20948277496494433]), Genome([0.2316540388857148, 0.06074097734336989, 0.14457548134581563, 0.22529652401564454, 0.03322182599848174, 0.13588027753983936, 0.025399137539408426, 0.048408020756336004, 0.05596750112773204, 0.038856215447657584]), Genome([0.013005872939788738, 0.07240133530793565, 0.005693418937102902, 0.18799225871150083, 0.02839089797546109, 0.03490513506292189, 0.19451410465426192, 0.14048415101871267, 0.1191389721096971, 0.20347385328261716]), Genome([0.1013085143959685, 0.15664817444219648, 0.12266107093616284, 0.041165171850651265, 0.09515357748877795, 0.024777825306233597, 0.09032078173383781, 0.11660339048728048, 0.05395747469098116, 0.19740401866791002]), Genome([0.020427063144714135, 0.11371375492776772, 0.022825190115899886, 0.2427109660031724, 0.04459082972475208, 0.026774931815383502, 0.00996376470852307, 0.20713007547652898, 0.27628108766385623, 0.0355823364194021]), Genome([0.015969441497269428, 0.0352742715861629, 0.21245114701750262, 0.08362171239860955, 0.0348601578973626, 0.044339763005124905, 0.08207944355307717, 0.17249541352380277, 0.14628643951534148, 0.17262221000574662]), Genome([0.04786141725892744, 0.05951543118110143, 0.040268372407615646, 0.15453361859056514, 0.16931217202723453, 0.02869276035958252, 0.006343910374337647, 0.11548094778126611, 0.1882699742638946, 0.18972139575547486]), Genome([0.04317712563642908, 0.07867530985827313, 0.20997298111853613, 0.13947723349653196, 0.019607698469120943, 0.025884543121642806, 0.12836250260961377, 0.11215343418516811, 0.1698436193057609, 0.07284555219892304]), Genome([0.01566618389769839, 0.05951543118110143, 0.040268372407615646, 0.1828929925859981, 0.16931217202723453, 0.043497756721011464, 0.08052076568508232, 0.12432097392859078, 0.1435084792150516, 0.18972139575547486]), Genome([0.015969441497269428, 0.0352742715861629, 0.006105383137177384, 0.08884067635629182, 0.0348601578973626, 0.044339763005124905, 0.03405717328619945, 0.17249541352380277, 0.14628643951534148, 0.0754555237545459]), Genome([0.016708099259287207, 0.03690586368104597, 0.17982801724419975, 0.09294995313874567, 0.12718220489242507, 0.04051541081260121, 0.03563246916643028, 0.1804740943144622, 0.17579934527046395, 0.1140045422203388]), Genome([0.1399373230180974, 0.11503152507395964, 0.14977508691320554, 0.0646100004655281, 0.007010041511670328, 0.06931997418006283, 0.010079229646646981, 0.2095303992545524, 0.022114090588389215, 0.21259232934788735]), Genome([0.07092051364479024, 0.08635748609964976, 0.022533989653127785, 0.24243861494426452, 0.044540793420694204, 0.06844896893351372, 0.17722310496508467, 0.14956585248310414, 0.034775653368995144, 0.10319502248677577]), Genome([0.008059175105104087, 0.10978796512818094, 0.15153123794044956, 0.15844357737762657, 0.06668904814472945, 0.02162919758187068, 0.06281649774882458, 0.1508180331348014, 0.15318327190497671, 0.11704199593343605]), Genome([0.03832559077940739, 0.14088836786421735, 0.0030796585570701824, 0.14679884988038622, 0.09181793269095205, 0.20875651813276816, 0.08648617910493818, 0.11251581434823693, 0.05206597492285084, 0.11926511371917281]), Genome([0.11891470755667953, 0.07468094170595234, 0.007000050153057967, 0.012323023930890142, 0.13374308321830505, 0.042915811876658896, 0.13320844217182867, 0.17272505566596505, 0.06881195976679834, 0.23567692395386391]), Genome([0.013005872939788738, 0.07240133530793565, 0.14457548134581563, 0.18799225871150083, 0.02839089797546109, 0.03490513506292189, 0.19451410465426192, 0.048408020756336004, 0.05596750112773204, 0.038856215447657584])]
20
Mejor individuo: || GENOME ||
 --prob: [0.01566618389769839, 0.08721080381333232, 0.006857990116328278, 0.1828929925859981, 0.03419816807095388, 0.043497756721011464, 0.08052076568508232, 0.12432097392859078, 0.1435084792150516, 0.07732942668148649]
 con fitness: 39.88155156279555
----> Iteration: 12 <----
[Genome([0.01566618389769839, 0.08721080381333232, 0.006857990116328278, 0.1828929925859981, 0.03419816807095388, 0.043497756721011464, 0.08052076568508232, 0.12432097392859078, 0.1435084792150516, 0.07732942668148649]), Genome([0.013005872939788738, 0.07240133530793565, 0.005693418937102902, 0.18799225871150083, 0.02839089797546109, 0.03490513506292189, 0.19451410465426192, 0.14048415101871267, 0.1191389721096971, 0.20347385328261716]), Genome([0.01566618389769839, 0.05951543118110143, 0.040268372407615646, 0.1828929925859981, 0.16931217202723453, 0.043497756721011464, 0.08052076568508232, 0.12432097392859078, 0.1435084792150516, 0.18972139575547486]), Genome([0.020427063144714135, 0.11371375492776772, 0.022825190115899886, 0.2427109660031724, 0.04459082972475208, 0.026774931815383502, 0.00996376470852307, 0.20713007547652898, 0.27628108766385623, 0.0355823364194021]), Genome([0.04786141725892744, 0.05951543118110143, 0.040268372407615646, 0.15453361859056514, 0.16931217202723453, 0.02869276035958252, 0.006343910374337647, 0.11548094778126611, 0.1882699742638946, 0.18972139575547486]), Genome([0.016708099259287207, 0.03690586368104597, 0.17982801724419975, 0.09294995313874567, 0.12718220489242507, 0.04051541081260121, 0.03563246916643028, 0.1804740943144622, 0.17579934527046395, 0.1140045422203388]), Genome([0.013005872939788738, 0.07240133530793565, 0.14457548134581563, 0.18799225871150083, 0.02839089797546109, 0.03490513506292189, 0.19451410465426192, 0.048408020756336004, 0.05596750112773204, 0.038856215447657584]), Genome([0.11891470755667953, 0.07468094170595234, 0.007000050153057967, 0.012323023930890142, 0.13374308321830505, 0.042915811876658896, 0.13320844217182867, 0.17272505566596505, 0.06881195976679834, 0.23567692395386391]), Genome([0.2316540388857148, 0.06074097734336989, 0.14457548134581563, 0.22529652401564454, 0.03322182599848174, 0.13588027753983936, 0.025399137539408426, 0.048408020756336004, 0.05596750112773204, 0.038856215447657584]), Genome([0.011499029663684865, 0.17566862522343932, 0.15277580322448542, 0.15213189110206676, 0.09006739318723626, 0.030861072175750875, 0.08962812714232472, 0.020680615421315, 0.0672046678947524, 0.20948277496494433]), Genome([0.12259757651503987, 0.07927753268529678, 0.11460613137225374, 0.11412309495067025, 0.03970992886903612, 0.18509254211497533, 0.060403370530733386, 0.015513748105461918, 0.0844625103832215, 0.1842135644733109]), Genome([0.0808029061986543, 0.05459401236827535, 0.10831324458308247, 0.13070721825968865, 0.17370983654954286, 0.02205532776061477, 0.015584602804587388, 0.16196236122059707, 0.10256048550388139, 0.14971000475107568]), Genome([0.16693234050178232, 0.026380934882093823, 0.004102737656547569, 0.13546920180575625, 0.14659848489634117, 0.1460824807867237, 0.018302886047550752, 0.16510212232551594, 0.020373060242863127, 0.1706557508548253]), Genome([0.16108635523304785, 0.1172827795541222, 0.10053413036994575, 0.12851547864411922, 0.05284229547886991, 0.0944877057280501, 0.13526018501940695, 0.09768912281636456, 0.09828624947748932, 0.01401569767858416]), Genome([0.11891470755667953, 0.05951543118110143, 0.007000050153057967, 0.012323023930890142, 0.13374308321830505, 0.042915811876658896, 0.08052076568508232, 0.12432097392859078, 0.06881195976679834, 0.18972139575547486]), Genome([0.13693119018127223, 0.1974948632945421, 0.040823875069427966, 0.012493020188148648, 0.171647835393171, 0.044097808776674303, 0.06447282587926093, 0.12603598319783482, 0.01366399342152875, 0.19233860459813926]), Genome([0.020427063144714135, 0.07240133530793565, 0.14457548134581563, 0.18799225871150083, 0.02839089797546109, 0.026774931815383502, 0.00996376470852307, 0.048408020756336004, 0.05596750112773204, 0.0355823364194021]), Genome([0.07956584390004745, 0.09536875607703821, 0.1904382530591011, 0.014663812911557625, 0.04304728620702876, 0.045977871782248846, 0.01312450719388855, 0.14501414130559845, 0.07372171991843096, 0.29907780764506003]), Genome([0.04037611774906951, 0.019599501123704736, 0.15170376505052585, 0.13036529082804432, 0.14283254833719336, 0.03952392233592359, 0.11193416361516079, 0.0447893851693147, 0.15882543988133555, 0.16004986590972783]), Genome([0.09792006602675987, 0.19992870990270742, 0.03583741210205242, 0.1375293969419061, 0.05682435268597969, 0.025535531134536816, 0.1850268153828461, 0.0034826146203492266, 0.1564551335712071, 0.10145996763165507])]
20
Mejor individuo: || GENOME ||
 --prob: [0.11891470755667953, 0.07468094170595234, 0.007000050153057967, 0.012323023930890142, 0.13374308321830505, 0.042915811876658896, 0.13320844217182867, 0.17272505566596505, 0.06881195976679834, 0.23567692395386391]
 con fitness: 39.88155156279555
----> Iteration: 13 <----
[Genome([0.11891470755667953, 0.07468094170595234, 0.007000050153057967, 0.012323023930890142, 0.13374308321830505, 0.042915811876658896, 0.13320844217182867, 0.17272505566596505, 0.06881195976679834, 0.23567692395386391]), Genome([0.011499029663684865, 0.17566862522343932, 0.15277580322448542, 0.15213189110206676, 0.09006739318723626, 0.030861072175750875, 0.08962812714232472, 0.020680615421315, 0.0672046678947524, 0.20948277496494433]), Genome([0.01566618389769839, 0.05951543118110143, 0.040268372407615646, 0.1828929925859981, 0.16931217202723453, 0.043497756721011464, 0.08052076568508232, 0.12432097392859078, 0.1435084792150516, 0.18972139575547486]), Genome([0.04786141725892744, 0.05951543118110143, 0.040268372407615646, 0.15453361859056514, 0.16931217202723453, 0.02869276035958252, 0.006343910374337647, 0.11548094778126611, 0.1882699742638946, 0.18972139575547486]), Genome([0.020427063144714135, 0.07240133530793565, 0.14457548134581563, 0.18799225871150083, 0.02839089797546109, 0.026774931815383502, 0.00996376470852307, 0.048408020756336004, 0.05596750112773204, 0.0355823364194021]), Genome([0.2316540388857148, 0.06074097734336989, 0.14457548134581563, 0.22529652401564454, 0.03322182599848174, 0.13588027753983936, 0.025399137539408426, 0.048408020756336004, 0.05596750112773204, 0.038856215447657584]), Genome([0.013005872939788738, 0.07240133530793565, 0.005693418937102902, 0.18799225871150083, 0.02839089797546109, 0.03490513506292189, 0.19451410465426192, 0.14048415101871267, 0.1191389721096971, 0.20347385328261716]), Genome([0.11891470755667953, 0.05951543118110143, 0.007000050153057967, 0.012323023930890142, 0.13374308321830505, 0.042915811876658896, 0.08052076568508232, 0.12432097392859078, 0.06881195976679834, 0.18972139575547486]), Genome([0.04037611774906951, 0.019599501123704736, 0.15170376505052585, 0.13036529082804432, 0.14283254833719336, 0.03952392233592359, 0.11193416361516079, 0.0447893851693147, 0.15882543988133555, 0.16004986590972783]), Genome([0.12259757651503987, 0.07927753268529678, 0.11460613137225374, 0.11412309495067025, 0.03970992886903612, 0.18509254211497533, 0.060403370530733386, 0.015513748105461918, 0.0844625103832215, 0.1842135644733109]), Genome([0.01335898829726621, 0.07269134274393109, 0.06010162552101458, 0.22869587035095165, 0.03641092188394489, 0.16971549141968362, 0.05538520134787884, 0.11728545651737425, 0.0774455647560572, 0.16890953716189763]), Genome([0.11739749470624199, 0.07591490784978368, 0.13584689418923934, 0.10928246557702279, 0.038025598031426126, 0.04109550074985429, 0.07474513656250982, 0.1653987736510673, 0.06589324122127177, 0.1763999874615829]), Genome([0.2052250304197853, 0.06642599930139596, 0.12499837666877286, 0.1796424365341313, 0.07421225132707146, 0.018923429611230072, 0.10641819596526567, 0.036904821948829686, 0.05537419844926208, 0.13187525977425568]), Genome([0.18455527155809406, 0.0013211166252002347, 0.06685609840669568, 0.1256879142888244, 0.07581518196453747, 0.03265376724715038, 0.07404872364713097, 0.13876207842148552, 0.10876611652875907, 0.1915337313121222]), Genome([0.14999982778702434, 0.14187935561958429, 0.1390712396758623, 0.12882624656871136, 0.0942060117882292, 0.019624965219251847, 0.05671725235273994, 0.08756926230214197, 0.048469798489548466, 0.13363604019690603]), Genome([0.17592878518277708, 0.044862852418178396, 0.005276651965788123, 0.13786510778586245, 0.1276278577760021, 0.08154440266874279, 0.16379345662790187, 0.09371340163647543, 0.08710477697511687, 0.08228270696315472]), Genome([0.011038817099089791, 0.18321791928074216, 0.034178036333555296, 0.15955962122406647, 0.024096954620496575, 0.17243327696090796, 0.005384434142908755, 0.1479437453129212, 0.1011199577745428, 0.16102723725076898]), Genome([0.04086725996399434, 0.17581999690374933, 0.034112102821844854, 0.13195107721009638, 0.14456998863766168, 0.09500243001648323, 0.00541685243154764, 0.09860531058522227, 0.1692416916545114, 0.10441328977488867]), Genome([0.1981290561481349, 0.07868112066367439, 0.15711534662168192, 0.20429791147643453, 0.030853404289526706, 0.1476659576436547, 0.027602151217125625, 0.05260672756958751, 0.060821885269742484, 0.04222643910043716]), Genome([0.12405861686889469, 0.06583243567088883, 0.1566941542853705, 0.24418143356979963, 0.19019025849208449, 0.03301073753635925, 0.010798952007401568, 0.05246570028633882, 0.06065883492166088, 0.06210887636120141])]
20
Mejor individuo: || GENOME ||
 --prob: [0.04786141725892744, 0.05951543118110143, 0.040268372407615646, 0.15453361859056514, 0.16931217202723453, 0.02869276035958252, 0.006343910374337647, 0.11548094778126611, 0.1882699742638946, 0.18972139575547486]
 con fitness: 39.88155156279555
----> Iteration: 14 <----
[Genome([0.04786141725892744, 0.05951543118110143, 0.040268372407615646, 0.15453361859056514, 0.16931217202723453, 0.02869276035958252, 0.006343910374337647, 0.11548094778126611, 0.1882699742638946, 0.18972139575547486]), Genome([0.01566618389769839, 0.05951543118110143, 0.040268372407615646, 0.1828929925859981, 0.16931217202723453, 0.043497756721011464, 0.08052076568508232, 0.12432097392859078, 0.1435084792150516, 0.18972139575547486]), Genome([0.01335898829726621, 0.07269134274393109, 0.06010162552101458, 0.22869587035095165, 0.03641092188394489, 0.16971549141968362, 0.05538520134787884, 0.11728545651737425, 0.0774455647560572, 0.16890953716189763]), Genome([0.12259757651503987, 0.07927753268529678, 0.11460613137225374, 0.11412309495067025, 0.03970992886903612, 0.18509254211497533, 0.060403370530733386, 0.015513748105461918, 0.0844625103832215, 0.1842135644733109]), Genome([0.04086725996399434, 0.17581999690374933, 0.034112102821844854, 0.13195107721009638, 0.14456998863766168, 0.09500243001648323, 0.00541685243154764, 0.09860531058522227, 0.1692416916545114, 0.10441328977488867]), Genome([0.011038817099089791, 0.18321791928074216, 0.034178036333555296, 0.15955962122406647, 0.024096954620496575, 0.17243327696090796, 0.005384434142908755, 0.1479437453129212, 0.1011199577745428, 0.16102723725076898]), Genome([0.11739749470624199, 0.07591490784978368, 0.13584689418923934, 0.10928246557702279, 0.038025598031426126, 0.04109550074985429, 0.07474513656250982, 0.1653987736510673, 0.06589324122127177, 0.1763999874615829]), Genome([0.013005872939788738, 0.07240133530793565, 0.005693418937102902, 0.18799225871150083, 0.02839089797546109, 0.03490513506292189, 0.19451410465426192, 0.14048415101871267, 0.1191389721096971, 0.20347385328261716]), Genome([0.17592878518277708, 0.044862852418178396, 0.005276651965788123, 0.13786510778586245, 0.1276278577760021, 0.08154440266874279, 0.16379345662790187, 0.09371340163647543, 0.08710477697511687, 0.08228270696315472]), Genome([0.1981290561481349, 0.07868112066367439, 0.15711534662168192, 0.20429791147643453, 0.030853404289526706, 0.1476659576436547, 0.027602151217125625, 0.05260672756958751, 0.060821885269742484, 0.04222643910043716]), Genome([0.1981290561481349, 0.07868112066367439, 0.040268372407615646, 0.15453361859056514, 0.16931217202723453, 0.1476659576436547, 0.006343910374337647, 0.05260672756958751, 0.1882699742638946, 0.18972139575547486]), Genome([0.2419660556761271, 0.00763971079088324, 0.05640201255331958, 0.18632936169661668, 0.03767986728072825, 0.18033775571998317, 0.03370925894478789, 0.14103165877639903, 0.037076988762787914, 0.07782732979836708]), Genome([0.011538771003882071, 0.15216209818785573, 0.029659266796860744, 0.17126374760157276, 0.09400302168096446, 0.11292145021468118, 0.12064043166513046, 0.0690236683380809, 0.09905014870005377, 0.1397373958109179]), Genome([0.10167646620595105, 0.022697864265591193, 0.004159122145401376, 0.14415851199493307, 0.04251149655696207, 0.18227396902000878, 0.08886019812892623, 0.16198151686983772, 0.06865705929372323, 0.18302379551866527]), Genome([0.011296420833449046, 0.06146812769885944, 0.061113854904778595, 0.15896710294074615, 0.10537832345826079, 0.12979806642514646, 0.16448200532264493, 0.09917711169299982, 0.06548831930241177, 0.1428306674207032]), Genome([0.10966221822083212, 0.1882259601370478, 0.10372454245902894, 0.03259770807718238, 0.03541809355443659, 0.033953365507450595, 0.04464303499840689, 0.18577191652358405, 0.11589037140038183, 0.15011278912164888]), Genome([0.11739749470624199, 0.07591490784978368, 0.11460613137225374, 0.11412309495067025, 0.038025598031426126, 0.18509254211497533, 0.07474513656250982, 0.1653987736510673, 0.0844625103832215, 0.1763999874615829]), Genome([0.1540388985575308, 0.09960901481363015, 0.14399797081107824, 0.13730899996274196, 0.047777626640390584, 0.23256129630838576, 0.04053698425913385, 0.019492397309918853, 0.0827921936847194, 0.04188461765247036]), Genome([0.12040907727029959, 0.1729928424963322, 0.032519936968960654, 0.04785708976113126, 0.024896701925257614, 0.17203266013112872, 0.005563136670314097, 0.2530306067511824, 0.06281931383691337, 0.10787863418847995]), Genome([0.011038817099089791, 0.17581999690374933, 0.034112102821844854, 0.15955962122406647, 0.024096954620496575, 0.17243327696090796, 0.00541685243154764, 0.1479437453129212, 0.1011199577745428, 0.16102723725076898])]
20
Mejor individuo: || GENOME ||
 --prob: [0.011038817099089791, 0.17581999690374933, 0.034112102821844854, 0.15955962122406647, 0.024096954620496575, 0.17243327696090796, 0.00541685243154764, 0.1479437453129212, 0.1011199577745428, 0.16102723725076898]
 con fitness: 35.09235134163262
----> Iteration: 15 <----
[Genome([0.011038817099089791, 0.17581999690374933, 0.034112102821844854, 0.15955962122406647, 0.024096954620496575, 0.17243327696090796, 0.00541685243154764, 0.1479437453129212, 0.1011199577745428, 0.16102723725076898]), Genome([0.011038817099089791, 0.18321791928074216, 0.034178036333555296, 0.15955962122406647, 0.024096954620496575, 0.17243327696090796, 0.005384434142908755, 0.1479437453129212, 0.1011199577745428, 0.16102723725076898]), Genome([0.04786141725892744, 0.05951543118110143, 0.040268372407615646, 0.15453361859056514, 0.16931217202723453, 0.02869276035958252, 0.006343910374337647, 0.11548094778126611, 0.1882699742638946, 0.18972139575547486]), Genome([0.011296420833449046, 0.06146812769885944, 0.061113854904778595, 0.15896710294074615, 0.10537832345826079, 0.12979806642514646, 0.16448200532264493, 0.09917711169299982, 0.06548831930241177, 0.1428306674207032]), Genome([0.01335898829726621, 0.07269134274393109, 0.06010162552101458, 0.22869587035095165, 0.03641092188394489, 0.16971549141968362, 0.05538520134787884, 0.11728545651737425, 0.0774455647560572, 0.16890953716189763]), Genome([0.1981290561481349, 0.07868112066367439, 0.040268372407615646, 0.15453361859056514, 0.16931217202723453, 0.1476659576436547, 0.006343910374337647, 0.05260672756958751, 0.1882699742638946, 0.18972139575547486]), Genome([0.01566618389769839, 0.05951543118110143, 0.040268372407615646, 0.1828929925859981, 0.16931217202723453, 0.043497756721011464, 0.08052076568508232, 0.12432097392859078, 0.1435084792150516, 0.18972139575547486]), Genome([0.11739749470624199, 0.07591490784978368, 0.13584689418923934, 0.10928246557702279, 0.038025598031426126, 0.04109550074985429, 0.07474513656250982, 0.1653987736510673, 0.06589324122127177, 0.1763999874615829]), Genome([0.013005872939788738, 0.07240133530793565, 0.005693418937102902, 0.18799225871150083, 0.02839089797546109, 0.03490513506292189, 0.19451410465426192, 0.14048415101871267, 0.1191389721096971, 0.20347385328261716]), Genome([0.04086725996399434, 0.17581999690374933, 0.034112102821844854, 0.13195107721009638, 0.14456998863766168, 0.09500243001648323, 0.00541685243154764, 0.09860531058522227, 0.1692416916545114, 0.10441328977488867]), Genome([0.1986771171659641, 0.15027620257400906, 0.02915616746761339, 0.1363781957909285, 0.060434739923046536, 0.07641890630515402, 0.004629871616721703, 0.1264499182784825, 0.07994628986923831, 0.13763259100884187]), Genome([0.1432185011423216, 0.12291507509359527, 0.1272225649123047, 0.1296346994471957, 0.06836807290576151, 0.07718501314718886, 0.0044009382293994466, 0.11407284939525994, 0.08215521717620365, 0.13082706855076917]), Genome([0.011359357217753675, 0.16254731066050826, 0.0058587418304274635, 0.22082242934901058, 0.08851192143884468, 0.11125912604430784, 0.08829143700822824, 0.14456346549903376, 0.0010831384849741112, 0.16570307246691138]), Genome([0.10644915490113997, 0.19697285965402594, 0.03674392537808498, 0.04184280862143328, 0.10605300149907225, 0.05104249731088287, 0.028037176749453493, 0.15103088754011632, 0.10871145862335746, 0.1731162297224336]), Genome([0.04786141725892744, 0.07591490784978368, 0.13584689418923934, 0.10928246557702279, 0.16931217202723453, 0.02869276035958252, 0.07474513656250982, 0.11548094778126611, 0.1882699742638946, 0.18972139575547486]), Genome([0.1898569968574245, 0.06746401220499525, 0.12072433184965864, 0.09711707226291846, 0.15046423375368892, 0.03652072356650383, 0.0056377022516919326, 0.16053412378409376, 0.16731164143288518, 0.004369162036139485]), Genome([0.011296420833449046, 0.05951543118110143, 0.040268372407615646, 0.1828929925859981, 0.10537832345826079, 0.043497756721011464, 0.16448200532264493, 0.09917711169299982, 0.1435084792150516, 0.18972139575547486]), Genome([0.1377812505672237, 0.022258640498398048, 0.09748485645851274, 0.25511083634316456, 0.12463545961721284, 0.3239613571739202, 0.00916506297415156, 0.004532400336354278, 0.006163464287642495, 0.018906671743419656]), Genome([0.1451995589040869, 0.06757840405908094, 0.04404568257038092, 0.03213670402104799, 0.14294854440722726, 0.13353534869215167, 0.17209602691635076, 0.08739984849846463, 0.13797429690253246, 0.037085585028676496]), Genome([0.014317727914931947, 0.08049786278659561, 0.17294479482997588, 0.017245714137336898, 0.04087875295770141, 0.18794169739287062, 0.06387240985572838, 0.0037161538128390524, 0.20848879636903084, 0.21009608994298945])]
20
Mejor individuo: || GENOME ||
 --prob: [0.01566618389769839, 0.05951543118110143, 0.040268372407615646, 0.1828929925859981, 0.16931217202723453, 0.043497756721011464, 0.08052076568508232, 0.12432097392859078, 0.1435084792150516, 0.18972139575547486]
 con fitness: 35.09235134163262
----> Iteration: 16 <----
[Genome([0.01566618389769839, 0.05951543118110143, 0.040268372407615646, 0.1828929925859981, 0.16931217202723453, 0.043497756721011464, 0.08052076568508232, 0.12432097392859078, 0.1435084792150516, 0.18972139575547486]), Genome([0.04086725996399434, 0.17581999690374933, 0.034112102821844854, 0.13195107721009638, 0.14456998863766168, 0.09500243001648323, 0.00541685243154764, 0.09860531058522227, 0.1692416916545114, 0.10441328977488867]), Genome([0.014317727914931947, 0.08049786278659561, 0.17294479482997588, 0.017245714137336898, 0.04087875295770141, 0.18794169739287062, 0.06387240985572838, 0.0037161538128390524, 0.20848879636903084, 0.21009608994298945]), Genome([0.01335898829726621, 0.07269134274393109, 0.06010162552101458, 0.22869587035095165, 0.03641092188394489, 0.16971549141968362, 0.05538520134787884, 0.11728545651737425, 0.0774455647560572, 0.16890953716189763]), Genome([0.011038817099089791, 0.17581999690374933, 0.034112102821844854, 0.15955962122406647, 0.024096954620496575, 0.17243327696090796, 0.00541685243154764, 0.1479437453129212, 0.1011199577745428, 0.16102723725076898]), Genome([0.011296420833449046, 0.05951543118110143, 0.040268372407615646, 0.1828929925859981, 0.10537832345826079, 0.043497756721011464, 0.16448200532264493, 0.09917711169299982, 0.1435084792150516, 0.18972139575547486]), Genome([0.04786141725892744, 0.07591490784978368, 0.13584689418923934, 0.10928246557702279, 0.16931217202723453, 0.02869276035958252, 0.07474513656250982, 0.11548094778126611, 0.1882699742638946, 0.18972139575547486]), Genome([0.1898569968574245, 0.06746401220499525, 0.12072433184965864, 0.09711707226291846, 0.15046423375368892, 0.03652072356650383, 0.0056377022516919326, 0.16053412378409376, 0.16731164143288518, 0.004369162036139485]), Genome([0.11739749470624199, 0.07591490784978368, 0.13584689418923934, 0.10928246557702279, 0.038025598031426126, 0.04109550074985429, 0.07474513656250982, 0.1653987736510673, 0.06589324122127177, 0.1763999874615829]), Genome([0.04786141725892744, 0.05951543118110143, 0.040268372407615646, 0.15453361859056514, 0.16931217202723453, 0.02869276035958252, 0.006343910374337647, 0.11548094778126611, 0.1882699742638946, 0.18972139575547486]), Genome([0.12574517412402617, 0.17995244397090468, 0.033624074609916864, 0.1743084299248517, 0.10750097941651166, 0.08517887269221122, 0.00529716258671069, 0.09642654450783947, 0.15720535206580882, 0.03476096610121851]), Genome([0.014034703567393593, 0.05331747921298742, 0.18349110093496568, 0.21533277859982597, 0.09253460620551113, 0.025704689081057223, 0.005683253952803556, 0.11137415644366198, 0.1285634701049703, 0.1699637618968232]), Genome([0.04382332758097047, 0.050339427877068896, 0.21373334112278258, 0.14149554646762766, 0.15502722658742682, 0.2625840282573294, 0.002242212488013223, 0.10573776736699962, 0.0006915054252146457, 0.024325616826566573]), Genome([0.13910559086412716, 0.17381558000046587, 0.034655258407955435, 0.1412076590643679, 0.07356973753480793, 0.07975059331053125, 0.004547222583849332, 0.051170678232667105, 0.15549721103776012, 0.1466804689634679]), Genome([0.15728796979252596, 0.15338420908123285, 0.16565228875930924, 0.06252704974591057, 0.0391550320767209, 0.15337242438520235, 0.06117912303504707, 0.0035594559817982156, 0.19969751811933348, 0.004184929022919298]), Genome([0.019007457396546388, 0.10686469993842773, 0.2295923514691854, 0.12892748238284382, 0.054268467726441456, 0.04848297868249221, 0.0074843149695345635, 0.004933369016105336, 0.12152643487298839, 0.27891244354543465]), Genome([0.03424980855204923, 0.054324990963709234, 0.15479279285997333, 0.15972180551200918, 0.06449424864682796, 0.17414320457178917, 0.03963385648442578, 0.09079420611735439, 0.16974836451855807, 0.05809672177330351]), Genome([0.13860703549374562, 0.11550223770784294, 0.0412380985978443, 0.061066848724078464, 0.09092016595259972, 0.11075086532353018, 0.10793448497653085, 0.07056289655702513, 0.12917946385648826, 0.13423790281031459]), Genome([0.007135204010636879, 0.11105389623438507, 0.025434875040585097, 0.12963623712140065, 0.10861130855706895, 0.1554456327173773, 0.08447865206508372, 0.14139796864256454, 0.09064484154340746, 0.1461613840674905]), Genome([0.11779893084446146, 0.11839789178051004, 0.02711688364494837, 0.10744808951719038, 0.07096218607973756, 0.029291564006616387, 0.1504681782742499, 0.09962591204430316, 0.1511312142306969, 0.12775914957728576])]
20
Mejor individuo: || GENOME ||
 --prob: [0.011038817099089791, 0.17581999690374933, 0.034112102821844854, 0.15955962122406647, 0.024096954620496575, 0.17243327696090796, 0.00541685243154764, 0.1479437453129212, 0.1011199577745428, 0.16102723725076898]
 con fitness: 18.660077260867002
----> Iteration: 17 <----
[Genome([0.011038817099089791, 0.17581999690374933, 0.034112102821844854, 0.15955962122406647, 0.024096954620496575, 0.17243327696090796, 0.00541685243154764, 0.1479437453129212, 0.1011199577745428, 0.16102723725076898]), Genome([0.04786141725892744, 0.07591490784978368, 0.13584689418923934, 0.10928246557702279, 0.16931217202723453, 0.02869276035958252, 0.07474513656250982, 0.11548094778126611, 0.1882699742638946, 0.18972139575547486]), Genome([0.014034703567393593, 0.05331747921298742, 0.18349110093496568, 0.21533277859982597, 0.09253460620551113, 0.025704689081057223, 0.005683253952803556, 0.11137415644366198, 0.1285634701049703, 0.1699637618968232]), Genome([0.12574517412402617, 0.17995244397090468, 0.033624074609916864, 0.1743084299248517, 0.10750097941651166, 0.08517887269221122, 0.00529716258671069, 0.09642654450783947, 0.15720535206580882, 0.03476096610121851]), Genome([0.11779893084446146, 0.11839789178051004, 0.02711688364494837, 0.10744808951719038, 0.07096218607973756, 0.029291564006616387, 0.1504681782742499, 0.09962591204430316, 0.1511312142306969, 0.12775914957728576]), Genome([0.014317727914931947, 0.08049786278659561, 0.17294479482997588, 0.017245714137336898, 0.04087875295770141, 0.18794169739287062, 0.06387240985572838, 0.0037161538128390524, 0.20848879636903084, 0.21009608994298945]), Genome([0.011296420833449046, 0.05951543118110143, 0.040268372407615646, 0.1828929925859981, 0.10537832345826079, 0.043497756721011464, 0.16448200532264493, 0.09917711169299982, 0.1435084792150516, 0.18972139575547486]), Genome([0.11739749470624199, 0.07591490784978368, 0.13584689418923934, 0.10928246557702279, 0.038025598031426126, 0.04109550074985429, 0.07474513656250982, 0.1653987736510673, 0.06589324122127177, 0.1763999874615829]), Genome([0.04382332758097047, 0.050339427877068896, 0.21373334112278258, 0.14149554646762766, 0.15502722658742682, 0.2625840282573294, 0.002242212488013223, 0.10573776736699962, 0.0006915054252146457, 0.024325616826566573]), Genome([0.03424980855204923, 0.054324990963709234, 0.15479279285997333, 0.15972180551200918, 0.06449424864682796, 0.17414320457178917, 0.03963385648442578, 0.09079420611735439, 0.16974836451855807, 0.05809672177330351]), Genome([0.010323647067718152, 0.07353525297672663, 0.14168551490260917, 0.0640602548467031, 0.022535789177025055, 0.09917168442331854, 0.14176559366458183, 0.16610676645821523, 0.2216222085255235, 0.05919328795757887]), Genome([0.02949357594458045, 0.1514040705768082, 0.133296890841049, 0.13234551361614372, 0.055538004469810824, 0.14848766064460606, 0.034129947162290744, 0.1273989628666476, 0.14617559899022764, 0.04172977488783586]), Genome([0.03257167579659037, 0.1158479881192734, 0.1009681655809952, 0.10516652478499204, 0.12584122384358415, 0.11444760585423974, 0.02394783725781473, 0.054982598880760576, 0.18521600629005325, 0.14101037359169652]), Genome([0.04382332758097047, 0.07591490784978368, 0.21373334112278258, 0.14149554646762766, 0.16931217202723453, 0.02869276035958252, 0.07474513656250982, 0.11548094778126611, 0.0006915054252146457, 0.024325616826566573]), Genome([0.01212232941116337, 0.06557071303673381, 0.08603280100327299, 0.18599145059769653, 0.07992580484290251, 0.15917755854341534, 0.004908851563009926, 0.142861472547157, 0.11104536176136234, 0.15236365669328616]), Genome([0.010765335705436585, 0.05823061841853899, 0.14074706252537533, 0.13329849098724633, 0.14003418165470982, 0.1301553690723941, 0.057333343991215806, 0.12686932182579272, 0.050543487367581054, 0.1520227884517092]), Genome([0.21102512224810627, 0.06892709727301102, 0.053790004373502044, 0.1482365657591829, 0.09142171730490879, 0.029529345482316477, 0.06204740706147418, 0.0998633149736917, 0.07381526006975955, 0.1613441654540469]), Genome([0.009796615483664513, 0.0061060983287047075, 0.0811014394100577, 0.207452402482448, 0.11573238761776594, 0.07386982792166609, 0.14264402715563726, 0.07430965404964131, 0.12445511815144286, 0.16453242939897167]), Genome([0.1593906656680137, 0.05487580862720458, 0.052090324348222514, 0.13386527490256808, 0.132268830914956, 0.07774469464123769, 0.043542151536288765, 0.06791549855363689, 0.16342216957552963, 0.11488458123234237]), Genome([0.014088499541804541, 0.07920908329333813, 0.04956697289871777, 0.17794673592371607, 0.040224279699678504, 0.11439281200386708, 0.09912448380759643, 0.18081296106198827, 0.11892046000055813, 0.12571371176873516])]
20
Mejor individuo: || GENOME ||
 --prob: [0.11739749470624199, 0.07591490784978368, 0.13584689418923934, 0.10928246557702279, 0.038025598031426126, 0.04109550074985429, 0.07474513656250982, 0.1653987736510673, 0.06589324122127177, 0.1763999874615829]
 con fitness: 18.660077260867002
----> Iteration: 18 <----
[Genome([0.11739749470624199, 0.07591490784978368, 0.13584689418923934, 0.10928246557702279, 0.038025598031426126, 0.04109550074985429, 0.07474513656250982, 0.1653987736510673, 0.06589324122127177, 0.1763999874615829]), Genome([0.03257167579659037, 0.1158479881192734, 0.1009681655809952, 0.10516652478499204, 0.12584122384358415, 0.11444760585423974, 0.02394783725781473, 0.054982598880760576, 0.18521600629005325, 0.14101037359169652]), Genome([0.009796615483664513, 0.0061060983287047075, 0.0811014394100577, 0.207452402482448, 0.11573238761776594, 0.07386982792166609, 0.14264402715563726, 0.07430965404964131, 0.12445511815144286, 0.16453242939897167]), Genome([0.11779893084446146, 0.11839789178051004, 0.02711688364494837, 0.10744808951719038, 0.07096218607973756, 0.029291564006616387, 0.1504681782742499, 0.09962591204430316, 0.1511312142306969, 0.12775914957728576]), Genome([0.02949357594458045, 0.1514040705768082, 0.133296890841049, 0.13234551361614372, 0.055538004469810824, 0.14848766064460606, 0.034129947162290744, 0.1273989628666476, 0.14617559899022764, 0.04172977488783586]), Genome([0.21102512224810627, 0.06892709727301102, 0.053790004373502044, 0.1482365657591829, 0.09142171730490879, 0.029529345482316477, 0.06204740706147418, 0.0998633149736917, 0.07381526006975955, 0.1613441654540469]), Genome([0.04382332758097047, 0.050339427877068896, 0.21373334112278258, 0.14149554646762766, 0.15502722658742682, 0.2625840282573294, 0.002242212488013223, 0.10573776736699962, 0.0006915054252146457, 0.024325616826566573]), Genome([0.010765335705436585, 0.05823061841853899, 0.14074706252537533, 0.13329849098724633, 0.14003418165470982, 0.1301553690723941, 0.057333343991215806, 0.12686932182579272, 0.050543487367581054, 0.1520227884517092]), Genome([0.014317727914931947, 0.08049786278659561, 0.17294479482997588, 0.017245714137336898, 0.04087875295770141, 0.18794169739287062, 0.06387240985572838, 0.0037161538128390524, 0.20848879636903084, 0.21009608994298945]), Genome([0.011296420833449046, 0.05951543118110143, 0.040268372407615646, 0.1828929925859981, 0.10537832345826079, 0.043497756721011464, 0.16448200532264493, 0.09917711169299982, 0.1435084792150516, 0.18972139575547486]), Genome([0.01080040705527647, 0.0922434319764461, 0.11895150279718798, 0.04898578232096451, 0.11062001922265914, 0.12672459078392095, 0.11840542021311899, 0.012911908628776404, 0.1610316600405592, 0.19932527696109015]), Genome([0.19033939551599863, 0.04794534934135901, 0.03642425482084894, 0.16543357897524924, 0.08319072696104192, 0.037172423463034954, 0.06760978251649223, 0.14960940108378998, 0.05960291081348387, 0.16267217650870117]), Genome([0.024942956403856388, 0.08871484952690073, 0.07732007919984728, 0.14179243851491719, 0.016909419417147308, 0.10339341125303338, 0.15473416415592192, 0.042104943430546375, 0.18919894487776281, 0.1608887932200666]), Genome([0.12852653281329188, 0.0836510265185341, 0.07048859443899526, 0.011428927768788505, 0.08339638742651467, 0.13268585612565054, 0.14646030896870485, 0.044962378817487936, 0.15916695697080233, 0.13923303015122987]), Genome([0.15888566835068993, 0.007035807219250489, 0.07142959762443565, 0.15522801260832658, 0.10193059383144627, 0.06506039995606482, 0.03948438695526603, 0.21065339308802508, 0.04451586792372435, 0.14577627244277072]), Genome([0.08681475717467609, 0.041228546388777904, 0.05742158588942078, 0.09437823551384612, 0.13481846811571482, 0.15084205102387965, 0.10099507871267839, 0.12889179794923203, 0.08811693489406593, 0.11649254433770832]), Genome([0.11779893084446146, 0.050339427877068896, 0.02711688364494837, 0.14149554646762766, 0.07096218607973756, 0.029291564006616387, 0.002242212488013223, 0.09962591204430316, 0.1511312142306969, 0.12775914957728576]), Genome([0.06489154614929497, 0.10253438454209593, 0.24063678992423787, 0.16434287365232944, 0.10853733773581523, 0.044801725412235635, 0.003429485300995307, 0.09029549141468424, 0.14332410384348693, 0.037206262024824736]), Genome([0.14358661582661947, 0.10363942312342095, 0.2390232557168695, 0.15682175646867463, 0.056909839582328196, 0.0475410932982197, 0.03497298537283797, 0.1023300222895399, 0.07241447312861445, 0.042760535192875204]), Genome([0.22765161445870058, 0.1702973181021235, 0.14897990990413196, 0.011450574941780695, 0.09622096550929839, 0.03300361472593875, 0.08261284089828694, 0.14238806239213586, 0.029632438664273085, 0.05776266040333028])]
20
Mejor individuo: || GENOME ||
 --prob: [0.011296420833449046, 0.05951543118110143, 0.040268372407615646, 0.1828929925859981, 0.10537832345826079, 0.043497756721011464, 0.16448200532264493, 0.09917711169299982, 0.1435084792150516, 0.18972139575547486]
 con fitness: 18.660077260867002
----> Iteration: 19 <----
[Genome([0.011296420833449046, 0.05951543118110143, 0.040268372407615646, 0.1828929925859981, 0.10537832345826079, 0.043497756721011464, 0.16448200532264493, 0.09917711169299982, 0.1435084792150516, 0.18972139575547486]), Genome([0.009796615483664513, 0.0061060983287047075, 0.0811014394100577, 0.207452402482448, 0.11573238761776594, 0.07386982792166609, 0.14264402715563726, 0.07430965404964131, 0.12445511815144286, 0.16453242939897167]), Genome([0.11779893084446146, 0.050339427877068896, 0.02711688364494837, 0.14149554646762766, 0.07096218607973756, 0.029291564006616387, 0.002242212488013223, 0.09962591204430316, 0.1511312142306969, 0.12775914957728576]), Genome([0.12852653281329188, 0.0836510265185341, 0.07048859443899526, 0.011428927768788505, 0.08339638742651467, 0.13268585612565054, 0.14646030896870485, 0.044962378817487936, 0.15916695697080233, 0.13923303015122987]), Genome([0.03257167579659037, 0.1158479881192734, 0.1009681655809952, 0.10516652478499204, 0.12584122384358415, 0.11444760585423974, 0.02394783725781473, 0.054982598880760576, 0.18521600629005325, 0.14101037359169652]), Genome([0.04382332758097047, 0.050339427877068896, 0.21373334112278258, 0.14149554646762766, 0.15502722658742682, 0.2625840282573294, 0.002242212488013223, 0.10573776736699962, 0.0006915054252146457, 0.024325616826566573]), Genome([0.01080040705527647, 0.0922434319764461, 0.11895150279718798, 0.04898578232096451, 0.11062001922265914, 0.12672459078392095, 0.11840542021311899, 0.012911908628776404, 0.1610316600405592, 0.19932527696109015]), Genome([0.22765161445870058, 0.1702973181021235, 0.14897990990413196, 0.011450574941780695, 0.09622096550929839, 0.03300361472593875, 0.08261284089828694, 0.14238806239213586, 0.029632438664273085, 0.05776266040333028]), Genome([0.15888566835068993, 0.007035807219250489, 0.07142959762443565, 0.15522801260832658, 0.10193059383144627, 0.06506039995606482, 0.03948438695526603, 0.21065339308802508, 0.04451586792372435, 0.14577627244277072]), Genome([0.21102512224810627, 0.06892709727301102, 0.053790004373502044, 0.1482365657591829, 0.09142171730490879, 0.029529345482316477, 0.06204740706147418, 0.0998633149736917, 0.07381526006975955, 0.1613441654540469]), Genome([0.008458855528668466, 0.05161319381059763, 0.1216239948754322, 0.13695182078467572, 0.07996172006451809, 0.07050247120554903, 0.17306368732960675, 0.07426466063282801, 0.1627437191208777, 0.1208158766472464]), Genome([0.011221298446337876, 0.1378339523471915, 0.06857158174806498, 0.1816767349419589, 0.09081375326576717, 0.029332972227887645, 0.005825652357539211, 0.1902937975555848, 0.09597052859776936, 0.18845972851189868]), Genome([0.14572644154249814, 0.0056003791303991975, 0.07438445702425689, 0.14361959971457233, 0.10614720127890548, 0.06775178197080181, 0.0362142115598368, 0.11419149363351191, 0.1554589075263321, 0.15090552661888548]), Genome([0.00948382660601689, 0.11656908718389973, 0.06914897492274612, 0.07420239401421902, 0.2227399799311018, 0.08792837115448529, 0.038223719217419655, 0.12010027423676668, 0.12048148289046896, 0.14112188984287588]), Genome([0.19641143886049672, 0.17978510329988492, 0.1500423020863901, 0.0842253353864265, 0.08346419305861952, 0.03928900330263142, 0.001944944690457283, 0.08641771897106167, 0.0675988490728798, 0.1108211112711519]), Genome([0.19959156271695863, 0.1880082417869805, 0.027035135622023816, 0.011416055419733243, 0.2272650333529554, 0.0329041202453585, 0.00223545299307008, 0.14195881164411403, 0.11199706025321776, 0.05758852596558805]), Genome([0.08276280248052982, 0.08807886892346145, 0.11358113633280208, 0.106398280811625, 0.12863903937128524, 0.023885874562726412, 0.13984798787016278, 0.09882874416706229, 0.15198096210857887, 0.06599630337176605]), Genome([0.1392195897027025, 0.11974932203847555, 0.08837519471270262, 0.06242966046795554, 0.11926885108448797, 0.09857915280582079, 0.08796948185022122, 0.10129255837808056, 0.035027180007443294, 0.1480890089521101]), Genome([0.0229091921892257, 0.08148134106251269, 0.1438522691542277, 0.0739685653025122, 0.08390441086733894, 0.1602240758483075, 0.15991563425558128, 0.012116889026078529, 0.13027113222905903, 0.13135649006515646]), Genome([0.033107951257657524, 0.08752164099962338, 0.1614727459240709, 0.07945193504727563, 0.0669258296396719, 0.08646367050007248, 0.013022638615854589, 0.18718532323228243, 0.17831677040821653, 0.10653149437527447])]
20
Mejor individuo: || GENOME ||
 --prob: [0.12852653281329188, 0.0836510265185341, 0.07048859443899526, 0.011428927768788505, 0.08339638742651467, 0.13268585612565054, 0.14646030896870485, 0.044962378817487936, 0.15916695697080233, 0.13923303015122987]
 con fitness: 18.660077260867002
----> Iteration: 20 <----
[Genome([0.12852653281329188, 0.0836510265185341, 0.07048859443899526, 0.011428927768788505, 0.08339638742651467, 0.13268585612565054, 0.14646030896870485, 0.044962378817487936, 0.15916695697080233, 0.13923303015122987]), Genome([0.14572644154249814, 0.0056003791303991975, 0.07438445702425689, 0.14361959971457233, 0.10614720127890548, 0.06775178197080181, 0.0362142115598368, 0.11419149363351191, 0.1554589075263321, 0.15090552661888548]), Genome([0.011221298446337876, 0.1378339523471915, 0.06857158174806498, 0.1816767349419589, 0.09081375326576717, 0.029332972227887645, 0.005825652357539211, 0.1902937975555848, 0.09597052859776936, 0.18845972851189868]), Genome([0.03257167579659037, 0.1158479881192734, 0.1009681655809952, 0.10516652478499204, 0.12584122384358415, 0.11444760585423974, 0.02394783725781473, 0.054982598880760576, 0.18521600629005325, 0.14101037359169652]), Genome([0.15888566835068993, 0.007035807219250489, 0.07142959762443565, 0.15522801260832658, 0.10193059383144627, 0.06506039995606482, 0.03948438695526603, 0.21065339308802508, 0.04451586792372435, 0.14577627244277072]), Genome([0.11779893084446146, 0.050339427877068896, 0.02711688364494837, 0.14149554646762766, 0.07096218607973756, 0.029291564006616387, 0.002242212488013223, 0.09962591204430316, 0.1511312142306969, 0.12775914957728576]), Genome([0.0229091921892257, 0.08148134106251269, 0.1438522691542277, 0.0739685653025122, 0.08390441086733894, 0.1602240758483075, 0.15991563425558128, 0.012116889026078529, 0.13027113222905903, 0.13135649006515646]), Genome([0.00948382660601689, 0.11656908718389973, 0.06914897492274612, 0.07420239401421902, 0.2227399799311018, 0.08792837115448529, 0.038223719217419655, 0.12010027423676668, 0.12048148289046896, 0.14112188984287588]), Genome([0.009796615483664513, 0.0061060983287047075, 0.0811014394100577, 0.207452402482448, 0.11573238761776594, 0.07386982792166609, 0.14264402715563726, 0.07430965404964131, 0.12445511815144286, 0.16453242939897167]), Genome([0.19641143886049672, 0.17978510329988492, 0.1500423020863901, 0.0842253353864265, 0.08346419305861952, 0.03928900330263142, 0.001944944690457283, 0.08641771897106167, 0.0675988490728798, 0.1108211112711519]), Genome([0.1212523521581636, 0.02600785360216118, 0.1764070892160559, 0.012892615223426808, 0.1058206791766953, 0.08312855395445913, 0.0021940311490454686, 0.16783159427411468, 0.04455074309348221, 0.2599144881523956]), Genome([0.11735367913715625, 0.11841066093333816, 0.06835842910464082, 0.06290470896576171, 0.062285599170273515, 0.005570840800934833, 0.15117446332163148, 0.0645421171244832, 0.17216260963082108, 0.17723689181095886]), Genome([0.10271948664887073, 0.005571232280981983, 0.08067935165725304, 0.08698614259668938, 0.12312987216564752, 0.07348537667278165, 0.024877037316665244, 0.11359719060649069, 0.22527818017257012, 0.16367612988204977]), Genome([0.10799587946270321, 0.004525146240546173, 0.05693416047021546, 0.15374014774256994, 0.07866424399910217, 0.17428610266170527, 0.18250730055814882, 0.055069871717960475, 0.11520847734226146, 0.07106866980478686]), Genome([0.16159503157978566, 0.09801174364509016, 0.0794789953678803, 0.1482455333364021, 0.015107849648998946, 0.07740391846894268, 0.02718033768387385, 0.1353151860311484, 0.15731165546806808, 0.1003497487698098]), Genome([0.00925842298375818, 0.1137985710635425, 0.06694183000838037, 0.07243881385972085, 0.19226643020436945, 0.028635810790163203, 0.037315249975442985, 0.11724583182951548, 0.20307372158136233, 0.15902531770374448]), Genome([0.03206568323023618, 0.1140483195611829, 0.1416175613271026, 0.07281948275543387, 0.13846330256229555, 0.17004337545797998, 0.023575813794595113, 0.17469058668404133, 0.049795559064409724, 0.08288031556272277]), Genome([0.021345703923946975, 0.15961452356242356, 0.15601741630680774, 0.09798920373223097, 0.07817816959647014, 0.14928923099062752, 0.022313464372811516, 0.01128994525401187, 0.17257553210901772, 0.131386810151652]), Genome([0.133416615043138, 0.057013387323816125, 0.030712017507226314, 0.1388940334381119, 0.11845945899257639, 0.05509049054577871, 0.24736774538874684, 0.010671041403468478, 0.05041774463923284, 0.15795746571790456]), Genome([0.030229983008424905, 0.154128992908183, 0.08433191882058513, 0.18326683326419743, 0.21307749924338742, 0.034582496333269284, 0.0026472231092751768, 0.11762133074193287, 0.05255676477011474, 0.12755695780062998])]
20
Mejor individuo: || GENOME ||
 --prob: [0.011221298446337876, 0.1378339523471915, 0.06857158174806498, 0.1816767349419589, 0.09081375326576717, 0.029332972227887645, 0.005825652357539211, 0.1902937975555848, 0.09597052859776936, 0.18845972851189868]
 con fitness: 18.660077260867002
----> Iteration: 21 <----
[Genome([0.011221298446337876, 0.1378339523471915, 0.06857158174806498, 0.1816767349419589, 0.09081375326576717, 0.029332972227887645, 0.005825652357539211, 0.1902937975555848, 0.09597052859776936, 0.18845972851189868]), Genome([0.14572644154249814, 0.0056003791303991975, 0.07438445702425689, 0.14361959971457233, 0.10614720127890548, 0.06775178197080181, 0.0362142115598368, 0.11419149363351191, 0.1554589075263321, 0.15090552661888548]), Genome([0.030229983008424905, 0.154128992908183, 0.08433191882058513, 0.18326683326419743, 0.21307749924338742, 0.034582496333269284, 0.0026472231092751768, 0.11762133074193287, 0.05255676477011474, 0.12755695780062998]), Genome([0.0229091921892257, 0.08148134106251269, 0.1438522691542277, 0.0739685653025122, 0.08390441086733894, 0.1602240758483075, 0.15991563425558128, 0.012116889026078529, 0.13027113222905903, 0.13135649006515646]), Genome([0.10799587946270321, 0.004525146240546173, 0.05693416047021546, 0.15374014774256994, 0.07866424399910217, 0.17428610266170527, 0.18250730055814882, 0.055069871717960475, 0.11520847734226146, 0.07106866980478686]), Genome([0.009796615483664513, 0.0061060983287047075, 0.0811014394100577, 0.207452402482448, 0.11573238761776594, 0.07386982792166609, 0.14264402715563726, 0.07430965404964131, 0.12445511815144286, 0.16453242939897167]), Genome([0.10271948664887073, 0.005571232280981983, 0.08067935165725304, 0.08698614259668938, 0.12312987216564752, 0.07348537667278165, 0.024877037316665244, 0.11359719060649069, 0.22527818017257012, 0.16367612988204977]), Genome([0.1212523521581636, 0.02600785360216118, 0.1764070892160559, 0.012892615223426808, 0.1058206791766953, 0.08312855395445913, 0.0021940311490454686, 0.16783159427411468, 0.04455074309348221, 0.2599144881523956]), Genome([0.15888566835068993, 0.007035807219250489, 0.07142959762443565, 0.15522801260832658, 0.10193059383144627, 0.06506039995606482, 0.03948438695526603, 0.21065339308802508, 0.04451586792372435, 0.14577627244277072]), Genome([0.03257167579659037, 0.1158479881192734, 0.1009681655809952, 0.10516652478499204, 0.12584122384358415, 0.11444760585423974, 0.02394783725781473, 0.054982598880760576, 0.18521600629005325, 0.14101037359169652]), Genome([0.03318735342542554, 0.21356253579150497, 0.0698677382344483, 0.0948474656278435, 0.13642490991284004, 0.02988743110500333, 0.010570046197010189, 0.056021893153413424, 0.21195484105519802, 0.14367578549731252]), Genome([0.012139225870907492, 0.03143914835843115, 0.10922758837760824, 0.0037194521480012877, 0.09824252232038147, 0.051844868005302525, 0.18567134437222618, 0.043967372801508184, 0.2003670917420567, 0.2633813860035768]), Genome([0.13781218947755527, 0.04321548531006207, 0.06755033017980813, 0.1467977400625981, 0.1224979387087818, 0.06407225288403957, 0.03734003080626484, 0.10798987191872945, 0.042098257256031515, 0.2306259033961294]), Genome([0.19232984398638994, 0.006755034784928794, 0.08615656286686729, 0.1732303062489865, 0.12803205287830838, 0.08172047522094368, 0.04762506272060173, 0.09535351036382705, 0.05369390702029479, 0.13510324390885184]), Genome([0.0960159525080691, 0.12099223244456452, 0.13848067868718864, 0.14386562107033513, 0.08852834404201702, 0.041270010601764086, 0.11682289195271543, 0.10852369726343923, 0.045367554293220355, 0.10013301713668656]), Genome([0.15464148095321442, 0.19657132663338747, 0.006537044409681932, 0.05255703640658275, 0.13513257516767035, 0.04627229371820868, 0.13510225614936924, 0.21404719848596124, 0.056818632933039015, 0.002320155142885072]), Genome([0.08504617396250043, 0.17302082029150362, 0.11910189104829781, 0.0909985096839392, 0.10872057111788269, 0.02424719137088196, 0.14546029495092008, 0.01003212813474001, 0.10785744492392527, 0.1355149745154091]), Genome([0.04735052339747712, 0.02807789048442875, 0.1426642123083772, 0.07335766871463027, 0.08321145544637772, 0.19921863663145944, 0.024671581159023022, 0.19720272714206746, 0.04192095432116205, 0.16232435039499696]), Genome([0.011432780650709766, 0.08160751430394397, 0.09464645915501267, 0.022327584884414393, 0.10050677600617572, 0.06772865730092194, 0.21298844870595826, 0.03490328807822481, 0.13444982634590943, 0.239408664568729]), Genome([0.07586513011389633, 0.10006385533654667, 0.043541825140932015, 0.15865442046313216, 0.08850924195907899, 0.133289662022161, 0.13957702901413077, 0.01832072520272534, 0.08810856845450545, 0.15406954229289138])]
20
Condición de parada activada con fitness mínimo de 18.660077260867002